6.737136735979663005e-01
7.170993496343298634e-01
-4.036330775434909812e-01
-1.847730809087898551e-01
-5.446118075171834105e-01
-2.332206328359549483e-02
-5.021163371366840211e-01
-8.203796344786937755e-01
-2.258223915484900701e-01
4.681635630334584630e-01
-4.769214497918570217e-01
-4.735525833015852282e-01
4.511188980795607373e-01
-1.289210217255612745e-01
-3.419789526318175454e-01
2.960360862658741876e-01
2.869218603457975858e-01
1.877758195018578991e-01
6.857414930308922130e-02
4.793135971244421034e-01
-3.133355506953719449e-02
-6.930129213520280773e-01
3.085728542759231252e-01
-8.431145813964818769e-02
7.441077886413163256e-01
5.708581475304119746e-01
3.058852430883421958e-01
7.409597290300793393e-01
5.181413441343034609e-01
1.578576559901513909e-01
3.220731263004838474e-01
4.992990428833722349e-01
-1.165178071064153498e-01
6.606069829341900679e-01
-3.061248016474469313e-01
7.987289434962057122e-01
3.568992695979668339e-02
9.916531062149847031e-03
-2.930891224739362588e-01
4.171802576262567674e-02
-1.524695381305989361e-01
3.596742177334822377e-01
4.415993640353410576e-01
-2.600310508339975790e-01
-5.708649811639324723e-01
3.783482212428744829e-01
-1.849269305747586745e-01
8.644645960924852712e-01
6.014141285713130447e-01
3.145406327037179595e-01
5.306287978279364825e-01
3.812877793709624763e-01
-3.169791375047154580e-01
3.335034154294509445e-01
-4.686011004907214561e-01
-5.000728585802750592e-01
6.031143782113112389e-02
7.106151011096368819e-01
-1.864765429009952180e-01
8.714559004521789110e-01
-1.826799204657048592e-01
3.873332826548966379e-01
6.622796689540133563e-01
1.306791617088740309e-01
-1.033759971239260333e-01
3.034690214333916058e-01
7.484383221125434638e-03
1.826553121521017897e-01
-6.165622790492464311e-01
2.261323105893845442e-01
9.086857369419161223e-01
4.596801594924807000e-02
-5.538706769167429655e-01
-5.888933573533783328e-01
3.278102104821971063e-01
4.739062330425479197e-01
-5.578578926375454827e-01
3.445097107225827959e-02
-6.200421322779131605e-01
6.526004062868443478e-01
-1.247083570997363777e-01
-8.306245697606099432e-01
-5.562478827921679692e-02
-3.282516820566869220e-02
1.984390859367449467e-01
-4.760493515441944212e-01
3.960798266712148297e-01
-3.338598321464714136e-02
2.295601173204278866e-01
-4.847136406163609079e-01
-5.361356582863332498e-01
5.008101276099253818e-01
4.175832980178503240e-01
1.359314985094466077e-02
-4.621456477948078789e-01
5.513189710934274235e-01
3.902120988841694116e-01
6.025261598461844059e-01
5.935813201100987868e-01
5.916791365023116311e-01
1.376521580475620343e-01
2.755880936044926011e-01
-1.138622606214003963e-01
4.035047230585570022e-02
-3.410799058165246977e-01
-4.064081306543455008e-01
-4.944004663366816654e-01
7.532693196635037447e-01
6.461554365951638346e-02
6.771592036189700847e-01
7.925516461464132689e-01
-1.360086473884300484e-01
2.112455376739645341e-01
7.239578581459471529e-01
8.595732731863462428e-01
-6.748337549954688264e-01
-2.696790532775038551e-01
4.123479772230109752e-01
4.297398448038579621e-01
-7.001577818357077598e-01
-4.335257785020082966e-01
-4.281775668827089709e-01
2.508408115628411525e-02
-3.203874540955594097e-01
7.298437812184337403e-01
3.124885548098347288e-01
4.917484719685160099e-01
4.190823085859451402e-01
2.579703092365897010e-01
3.069588792539573729e-02
-4.623959675358927379e-01
4.114971130889822915e-01
-4.848401255105896368e-01
-3.342177933010216928e-01
1.714695178494309302e-01
-5.465350386265673821e-01
4.075635491616250161e-02
-1.178781716401350182e-01
-5.498719270835562556e-01
8.130491178771401817e-01
-5.251797898683059351e-01
-7.360046222463321186e-01
6.582896377309449543e-01
-3.306141206764154350e-01
7.957160878312474761e-01
-5.368659913454651988e-01
-1.120505087848376186e-01
-1.858248101149951592e-01
-4.379722159995041997e-01
5.924311905872796380e-02
9.033197048375574134e-03
-3.979802743545216015e-02
-8.344149931703317424e-01
-2.225540270543180377e-02
-2.636898607320526944e-01
3.027628412235319755e-01
7.987291331814109219e-01
6.105967634896503071e-01
6.436773640708104427e-02
3.660950704760040919e-01
4.951837982746536970e-01
-4.993951560849624327e-01
3.497612319215679944e-01
5.595900723866196191e-01
-7.045361505327476515e-01
-1.321024302811071027e-01
-4.400517574252813535e-01
-7.380168748429443148e-01
8.806101668482333444e-01
2.839208128556767186e-01
1.859439241936088894e-01
4.049211163431836180e-01
-1.001623669752760293e-01
7.084895977739742445e-01
-5.246038211859104239e-01
-5.748841432644040683e-01
-3.471518658918936184e-01
-5.631374303069077714e-01
-2.123586534119253355e-01
5.309522020790848895e-01
-9.786948684042207081e-02
2.704368554010155856e-02
1.163169380076289894e-01
5.574195034991765718e-01
-7.164541517512226232e-01
-5.845704465487125412e-02
7.060345524577482657e-02
-1.730248200465247244e-01
8.701991741599257590e-01
-3.585289752943750519e-01
2.906803683532087068e-01
-5.015754899047751847e-01
-6.307014778250936704e-01
-2.880111968619030183e-01
2.489719959065735400e-01
-1.594605766829848004e-01
-1.575136300570765258e-01
3.748198740985486666e-02
-3.762195159043487669e-01
-3.781854564982546907e-01
5.908777667871710770e-01
2.006373615935182486e-01
-5.961989431863161659e-01
7.082351168318412604e-01
-2.555309090068246802e-01
-4.233154468726930686e-01
2.154000201728325514e-01
-1.914134632841325012e-01
2.793269936900886208e-01
3.348482091925610860e-01
-8.471767744972676928e-01
-3.636599663126481863e-01
-4.178263336178057452e-01
-5.113992688552736476e-01
3.116300337081363558e-01
-9.891186700554751576e-01
-1.476780309810576952e-01
4.239974771092581696e-01
-2.639942939621872653e-01
3.644284557138097180e-01
2.714813060060607408e-01
-1.459247056312612256e-01
3.895803581185075526e-01
3.100548860343293467e-01
6.902547437070468694e-01
-5.685994396385026795e-01
3.573223459732032259e-01
-1.519824474037255180e-01
-3.651759091476016739e-01
2.669603247325245676e-01
7.590726848243902758e-01
-3.628773463037433533e-01
1.396393480830971368e-01
6.443176477860910190e-01
7.348832740345406789e-02
3.017718167455574751e-01
4.408654951979856795e-01
-4.882390819529457415e-01
-3.425504996964485738e-01
1.471315504895772119e-01
1.298481429373856688e-01
4.547400388999242593e-01
-3.332338502205594022e-01
2.162441489784872051e-01
-7.774030079973253127e-01
-6.494966548014995400e-01
2.146054968687283737e-01
-6.628333150567081167e-02
-2.138115561233564499e-01
-1.239746606116250982e-01
4.786025254350779190e-01
2.086052060654025042e-01
6.553607712124800422e-01
5.621756514467787236e-01
-3.589450763956145152e-01
8.425668296915509448e-01
-9.996996810959241087e-02
5.190898090504117990e-01
5.881956822210042679e-01
1.399472958851039062e-01
-6.766025696855960669e-01
-2.712137756425992974e-01
9.070903985045018769e-02
-9.931981979753934375e-02
-6.483879980890734362e-01
