-1.816725709166632230e-01
-2.612277818358547665e-01
-6.484302451746756790e-02
8.296845978599046156e-02
-7.203701497885123262e-02
-1.444753761361414202e-01
-5.087723092970373173e-01
1.696395195174645321e-01
-1.668306937917447552e-01
2.196951265975531919e-01
-2.712293010730834064e-01
2.267833969686216256e-01
3.768863076979052096e-01
2.445177135381696940e-02
3.848383270334356787e-01
-2.408117540428894587e-01
1.807632813656392390e-01
-2.283739113967043766e-01
5.857612995365946151e-01
-2.044013705932993252e-01
6.144648002541167747e-02
-3.974919077122858191e-01
-1.471548219203646923e-01
2.894429396836307733e-01
3.781958711357055747e-02
4.232373300908899294e-01
-3.017312312250071127e-01
-5.546885001747372396e-02
-2.132097539136279252e-01
-5.839244469017426664e-02
-3.631933991622140478e-01
2.588483877489990981e-01
-4.113717174483717820e-02
4.156364100507570908e-02
6.178516853115195023e-03
-3.535710315839781792e-01
7.254990086831715479e-02
4.335859179668540841e-01
-2.570731686799894167e-01
4.569824916741532794e-02
-3.183899769108837763e-01
-9.202236771718033670e-02
-1.291375682228290689e-01
2.608002205314264299e-01
-2.707175782028863054e-02
2.342190603095513912e-01
2.042027187990503034e-01
-4.906990369385548778e-01
1.808000061494277333e-01
3.368116534199305234e-01
3.760255888413343572e-01
2.192659155749817901e-01
3.463469326984334185e-01
6.821015835785963766e-02
4.380870235565933329e-02
-5.639645873339048654e-01
-2.843064568889440147e-01
-2.631521554147985831e-01
5.362974068602778255e-01
2.403504299037028391e-01
-1.123792401171566646e-01
6.385718112840228500e-01
-2.470007207911140978e-01
6.320283821888325604e-02
3.389604374868684378e-01
4.908839634833497834e-02
2.742637698337045404e-01
4.013806909280360768e-01
2.272577495341636389e-01
-1.420413772101951633e-01
-6.021607405377261690e-01
-1.194636459964199537e-01
1.439873895838280904e-01
-1.532142209730165128e-01
-1.502154302023386290e-01
1.172464432769779880e-02
2.956044487517072716e-01
1.291462072330352706e-01
9.884934059872980960e-02
1.376750171399912168e-02
1.283117482198436465e-01
-1.495860774018698824e-01
-1.252343935246725271e-01
-2.811321701847191989e-01
1.177416677666779793e-01
1.855423100276186177e-01
3.895663961169574252e-01
6.288652077506141913e-02
-1.355230465313790045e-01
-1.410913666647307940e-01
1.523488952247597505e-01
3.100205141439972834e-01
1.255005997231729009e-01
-3.175892552968004323e-01
-2.165162399117595282e-01
2.830255404863563085e-01
7.145996578533564403e-02
5.402649422813792235e-01
1.417255773832170329e-01
2.171933105663831909e-01
1.033841668096267541e-01
3.354304918225897714e-01
-2.146770734941467751e-01
4.010932720154128939e-01
-4.755566045016114129e-01
3.241910485662895074e-03
3.445478272239275719e-01
-1.982369903453706228e-01
-4.362253700650598476e-01
-1.416995369862230660e-02
-3.065484090126213701e-01
3.343141834862599082e-01
-4.376944675510333060e-01
1.034560915900327588e-01
-1.165987578143303990e-02
2.009933675748544757e-01
-1.307103790412939351e-02
-2.933309230633890374e-01
-1.309199531926600879e-01
-4.554703709660396643e-02
1.142935016060925568e-01
3.009027534985564065e-02
1.328533278272413520e-01
2.384149096038819596e-03
9.039800092933124309e-02
3.528005106365298404e-01
-2.491996857380911479e-01
1.800461810425294795e-01
9.049141785429415386e-02
1.563923080242801411e-01
-2.212450749115274784e-01
3.912863608226480605e-01
-2.433176021541912093e-01
3.384867085778356377e-01
5.391765058937286748e-01
-5.880583033618318467e-01
2.119941410681069338e-01
1.483999427492220247e-01
3.638462404901466885e-01
1.523883803964475314e-01
-2.915186214155762734e-05
-1.429887560476187647e-01
-7.987706196886791565e-02
3.722667618579330456e-02
4.559533556941526844e-01
-1.499987080814370599e-01
8.591875828366585255e-02
-1.308369426945412695e-01
4.519026279629977799e-02
1.534167983958217019e-01
5.397837649959877360e-02
-2.313912442164080541e-01
9.820087397925961192e-02
4.282004686463100618e-01
2.588410375398871310e-01
-3.471797458399691894e-02
2.764512241928872988e-03
8.374068295767179981e-02
-7.421356048471115796e-02
7.565911754858119231e-02
-1.236204933079600582e-01
3.366613137890862584e-01
-1.913245529932296463e-01
-7.215484909361055688e-02
-3.788621759172743908e-01
-4.490265281281630716e-01
-9.625875502967397301e-02
-3.957695102562526213e-01
-2.798807272502257248e-01
-1.749479232269659512e-01
-1.967836021576930411e-02
1.826156115506496758e-01
3.792983584083610693e-01
8.275565380167114460e-02
-8.076698201864254689e-02
-8.770407947137655313e-02
-1.404407836716083380e-01
-2.145171407406293029e-01
1.379825915334375597e-01
4.598607883717700795e-02
-1.795359607785302070e-01
3.669608384325304673e-01
3.387458178786665330e-01
-2.131080753547805184e-01
3.952902367405511375e-01
1.984521551352511626e-01
-2.837168335463731705e-01
-3.577679896057069930e-01
-2.685448671053213276e-01
-2.783972576799557674e-01
2.744886391218780419e-01
2.939641134772377762e-01
8.803699375283388640e-02
-1.971095490881342172e-01
-1.292879449032863920e-02
2.879364579365217836e-02
2.711941959127214252e-01
-2.270327235532882681e-01
-3.683032150233430113e-01
-4.882566751493553903e-01
4.066528439828783204e-01
3.747022261084254069e-01
-2.013566881159152555e-01
2.004569874719412947e-01
2.526805866215267593e-01
-1.768210344179877991e-01
-3.239263167841617275e-01
5.466185461400864531e-02
8.397622863777953750e-02
-2.596007985069259671e-01
-5.944785181128569018e-01
-2.129325391196238704e-01
2.569252138212598791e-01
7.337905175098242971e-02
1.120310933995784103e-01
2.868185253658618872e-01
2.685718496643874076e-01
4.157155115488617853e-03
3.013413565410718795e-02
-3.515228491118300713e-01
1.214469953855498163e-01
-2.537772451034289722e-01
4.040554464530810540e-03
2.727431472858092287e-01
-8.577924495760719248e-02
-3.885071138117118239e-01
1.397166301213963180e-01
5.059754960795374151e-02
-9.210710242584541074e-02
3.237395664623802238e-01
1.110485542896891137e-01
2.326699543479014420e-01
-1.192434495167406100e-01
-2.471284287055279805e-01
2.447861637561359327e-01
-1.810292003079635725e-01
1.620307392388466855e-02
-6.049026542924500205e-02
3.497058085638996006e-01
-1.145325859887036529e-01
-2.192760532585612543e-01
2.392004799310621377e-01
1.908552417892126485e-01
8.142133099387138806e-02
-4.445389691573245483e-01
-1.155777368802630295e-01
-1.217712053933914379e-01
-1.025521561253899261e-01
3.451305657443414776e-01
3.924358852857761648e-01
-1.854305784710669203e-01
-5.143290330716774328e-01
2.042985032871507400e-01
8.383405836720560222e-02
-2.575930152586240474e-01
-2.093552101280440197e-02
2.583897206021528725e-01
2.638509990118860851e-02
8.298488766307129949e-02
-3.748803082671164355e-01
3.100463272773297807e-01
-5.288869757306994268e-01
9.562816618768302246e-02
1.028323869734232010e-01
1.436261102143950308e-01
