1.000000000000000000e+00
1.000000000000000000e+00
1.256498127121585817e-02
-8.509195845527957047e-01
2.880371138943936815e-01
2.091049334130938853e-01
-8.330402555781137863e-01
2.979237134517045416e-01
-7.431242626250900152e-02
7.538599829713350520e-01
8.248799569740685733e-01
-7.126507783711342192e-01
-1.635494902951690754e-01
3.122313023139509092e-01
-5.560818096842988778e-01
9.274677933528645557e-01
5.450859062847256409e-01
5.344357400165620220e-01
-2.731795486594061906e-01
-5.370929832843087670e-01
8.307225800346156319e-01
-2.566069187903816662e-01
-1.000000000000000000e+00
1.000000000000000000e+00
-4.772177321753717227e-01
2.141822201953844443e-02
7.509285401126446491e-01
-5.753237946711448059e-01
-1.000000000000000000e+00
-1.000000000000000000e+00
-2.661281477579335863e-01
-3.629308837170627799e-01
-3.970828897517733047e-01
2.477961564713089260e-01
-6.654278149060582903e-01
2.474872792237334806e-01
4.512107244100780346e-01
-3.646390064056475033e-01
-2.955553775274517014e-01
2.322695476899561129e-03
2.921328590099732114e-01
8.087204009259343351e-01
6.677354774644246316e-01
9.317644198035646141e-02
-9.195085384949728269e-01
1.000000000000000000e+00
-1.000000000000000000e+00
-1.000000000000000000e+00
5.397991460901618854e-01
7.807468544955566969e-01
-6.373780465115402860e-01
1.000000000000000000e+00
6.707174144020897621e-01
5.437365311824651215e-01
-1.000000000000000000e+00
2.413248664801814214e-01
7.907892033970449486e-01
4.511425165645283064e-01
-6.364987908785660897e-01
-1.376137153943582658e-01
-1.000000000000000000e+00
5.852803157393837719e-01
-1.639149829358507171e-01
-1.000000000000000000e+00
7.002742454309063280e-01
-7.169040714267252978e-01
-2.509268938688061779e-01
6.877737947278028674e-03
-3.942738819364048908e-01
5.677947775906446726e-01
-1.000000000000000000e+00
8.252571005023859874e-01
-4.311163211063702150e-01
-5.786009922986976584e-01
-5.597621933279792739e-01
-1.000000000000000000e+00
2.372759589072077346e-01
1.000000000000000000e+00
8.209175761064162469e-01
-5.296323956161541613e-01
9.486601055439700669e-01
2.461265769248802693e-01
-3.020597422091469975e-01
7.196235634719522212e-01
5.180331799754612776e-01
-1.928629736761028890e-01
-3.902356784059073380e-01
8.359186891191072721e-01
-8.617390583278705662e-04
-8.453856832457051773e-02
-1.000000000000000000e+00
-7.162526837687841486e-01
-1.000000000000000000e+00
3.846300666915996036e-01
1.000000000000000000e+00
2.684839398932254984e-01
5.124764153178014148e-01
4.101861286885553071e-01
-3.499277971314185276e-02
1.170327649361308231e-01
7.428613931890528654e-01
7.166832531959447250e-01
9.840987875046380839e-01
-1.000000000000000000e+00
2.517041802773998249e-01
6.811047872620132893e-01
6.047206461586577264e-01
-3.508394821287138532e-01
1.000000000000000000e+00
3.049871704639717240e-02
6.794381473493522616e-01
-1.851081238986056476e-01
7.239343939407112405e-01
-5.033742508625473899e-01
9.170016587918603523e-01
-8.683670009536470502e-02
2.098763508429580260e-01
-1.834628839641666564e-02
-2.731540290288787531e-01
1.231237730305561051e-01
8.121271986761113837e-01
-3.016485253344700079e-02
6.208313453954805716e-01
3.276420241429701119e-01
6.779682141398149509e-02
5.007029550149378894e-01
5.311564192865341205e-01
7.827486884934331535e-02
-1.327029500468220879e-01
6.410960779312867563e-01
-4.255181656680102620e-01
5.406801990836982430e-01
-5.486590021891463165e-02
-5.442982091527184263e-01
1.368968522945473443e-01
1.772578598138585537e-02
4.267871106842184292e-01
-1.823620063818517378e-01
-9.066712148225144485e-01
-1.000000000000000000e+00
-9.656363633784175171e-01
-1.211527308037771977e-01
-2.931146659419499034e-01
1.000000000000000000e+00
5.500981839233319848e-01
-3.968241603338331092e-01
-1.000000000000000000e+00
1.616329529072355609e-01
-9.015787977146687560e-01
3.450286613433258820e-01
-1.000000000000000000e+00
-2.824983878287530836e-01
4.191925697155145514e-01
7.135785460273409431e-01
-6.556076554474824514e-01
9.158000973676501122e-01
7.108302900218270715e-01
-4.116898274901977794e-01
8.841224742100201039e-01
-6.406959766379296539e-01
-1.000000000000000000e+00
6.100897839908483444e-01
2.219465860197377682e-01
8.643168613157670155e-01
-6.962942442576574020e-01
2.111641211288372566e-01
-2.276411841145431769e-01
-1.061999019187077065e-01
-3.901342193745546139e-01
5.122971783861054451e-01
2.844321994127041453e-01
4.021184941702308224e-01
-2.577194906579283185e-01
-1.707448805150009186e-01
7.913121622897525964e-02
5.531168832972602756e-01
-4.105594390908862135e-01
4.478500795704380977e-01
-1.343754204775082783e-02
1.000000000000000000e+00
6.183092543389963058e-01
5.773216922176209742e-01
1.986058061457591506e-01
-6.545981896158896696e-01
1.000000000000000000e+00
-5.681332141300388106e-02
1.000000000000000000e+00
7.733627627473957933e-01
-2.642754745048649379e-01
-1.000000000000000000e+00
4.743032039161744207e-01
-7.733337061179719196e-01
3.275829906211287224e-01
-9.364953422128043936e-01
1.000000000000000000e+00
1.189926319121380471e-01
-1.000000000000000000e+00
-6.303268802016079864e-01
-3.819943634857583259e-01
8.433374635033468181e-01
3.848164415342584244e-01
-7.794305132856288454e-01
-6.392666133877167312e-01
7.954920000668757041e-01
1.000000000000000000e+00
-1.000000000000000000e+00
-9.322201192543104753e-01
-1.000000000000000000e+00
8.702560498157996260e-02
7.654249409543136817e-01
-6.005863829824583666e-01
-1.000000000000000000e+00
1.621084596316632598e-01
2.482548893800198275e-01
6.033935108645878120e-01
-1.213451998005821153e-03
9.710376741790354149e-01
-1.000000000000000000e+00
1.000000000000000000e+00
-2.106415094890172202e-01
-3.280970184880781515e-01
-1.934825435452669218e-01
1.000000000000000000e+00
8.809093586068708071e-01
-1.000000000000000000e+00
-5.811764948615539828e-01
1.182082226548800130e-01
4.161242184448645798e-01
6.359593334261817166e-01
1.020166136093562104e-01
-6.297960887075859659e-01
-1.000000000000000000e+00
5.624304370232258155e-01
-4.127603580391333016e-01
-1.844325547770182538e-01
-5.427887124359308257e-02
-6.160643170265407420e-01
-1.702265726200318241e-01
3.640844879021005176e-01
1.000000000000000000e+00
-7.485176935968684830e-01
-1.000000000000000000e+00
-4.689899899560049379e-01
-5.319026858225447407e-01
-7.700637034005335391e-01
7.227257874786212621e-01
2.880314679484805573e-01
3.364429336235454926e-01
1.000000000000000000e+00
-4.477071791007678492e-01
-3.659877898068203406e-01
-3.127877894216549715e-01
7.452727708339865198e-03
-4.827438313587801844e-01
-3.836142444866144086e-01
-5.873417109493435095e-01
7.713552318237261174e-01
-8.800778699493944091e-01
-1.000000000000000000e+00
-7.868860779623555457e-01
-7.680123477287943423e-01
-1.418016372638672973e-01
5.832225091025677877e-01
1.000000000000000000e+00
8.345645998438259161e-01
