-8.639340475810388664e-01
6.591955181450122048e-01
3.994565773243352047e-01
3.148572384877330599e-01
-2.611494726446478842e-01
5.735469641733546009e-01
-8.795057768688309408e-02
-2.235867674491999191e-01
-7.951574201103992490e-01
-6.940058398471826706e-01
-5.027437906886286605e-03
3.343326508408555053e-01
7.031247704271006427e-01
9.001185889464494161e-02
1.000000000000000000e+00
2.012352868117739113e-01
-2.311454260387555415e-01
5.330286054109836802e-02
-3.154823635266194026e-01
5.326433075263736772e-02
2.136410215173592531e-01
-2.631111066437913371e-01
2.946806554630497232e-01
7.354953544294873247e-02
3.708007251542840832e-01
5.391471750381511274e-01
1.536897912022231194e-01
4.060234346255883753e-01
-3.491083753254067279e-01
-7.586428698944674975e-02
-5.223658952727418259e-02
8.405610678737646113e-02
-3.078608734970218475e-01
1.308562258459108341e-01
1.856388535838266185e-01
-2.719841495194520453e-01
4.441431154978931484e-01
-1.000000000000000000e+00
-7.603106360747372561e-01
-3.493835998397193388e-01
-7.992916187011328555e-01
-2.936368174332932846e-01
-8.283806527252863816e-01
7.798579311307340944e-01
1.849316551939768905e-01
3.756459641478296918e-01
-6.424523272632352011e-01
4.250982264780919784e-02
-3.939903650976482874e-01
-5.257511740168198111e-01
-2.379979719108973879e-01
6.905617985192479269e-01
-6.856234058193697578e-01
-3.050721868079050991e-01
6.451476498920876157e-01
1.216812532179857298e-01
-2.272501526743399558e-01
6.495297912538179341e-01
-4.567594700939172636e-01
1.224099027476735491e-02
1.420742993013541511e-01
3.110660483495876205e-01
-4.540679712872313090e-01
9.206783549581526449e-01
1.337488006474811253e-01
-2.618465626690885673e-01
-1.313364655884045051e-01
-1.000000000000000000e+00
7.552778059563798330e-01
6.189108132087740577e-01
-1.591590828345018638e-01
-1.979991355355724680e-01
-4.962446531963445040e-02
-9.496561326142721055e-03
-5.219409460816559765e-01
1.000000000000000000e+00
-2.377754858542005523e-01
7.126699631411144154e-01
4.636696811998450296e-01
-2.720884020339048304e-01
1.474026537800849357e-01
1.949464838453059679e-01
2.120799511900430256e-01
1.208425650336098778e-01
1.964309927937997191e-01
8.074428228551450148e-02
4.172650835600621444e-01
-1.273911989695571123e-01
-2.307467475782960520e-01
9.370248992705396684e-01
-5.631437662044351811e-01
-5.003889919279511656e-01
3.672850311069835172e-01
-5.717333984776636902e-01
-7.520385287416930797e-02
-5.657133405674142912e-01
1.132954984303860130e-01
5.635946257173711782e-01
1.753342671507416850e-01
-1.900534251771079375e-01
-5.381311662097993942e-01
-5.795950739961519549e-01
3.217830182828350649e-01
-3.922340417375610455e-01
3.234046155686861046e-01
-3.038681290590379835e-01
-5.374035627362760970e-02
4.129912924284172560e-01
2.659397033834493551e-01
-7.776772129090686603e-01
3.930816933624767806e-01
1.000000000000000000e+00
1.134725601096546639e-02
1.178621589378988643e-01
6.515685327538824900e-01
3.073820999448415581e-01
7.428739139040088091e-01
8.167554973747566116e-01
-3.772141354010717373e-01
-4.497204281879054744e-01
-3.057767478971574748e-01
5.572099062574891182e-01
-9.318871776780082161e-01
-3.070333762926091281e-01
2.027418678465537361e-01
-3.243035481254022967e-01
5.081083856043967784e-02
-1.842796597218930577e-01
2.735202832382441773e-01
8.001895231515785412e-01
-2.623594526328469900e-01
4.921831669094446360e-01
-4.779369827652562575e-01
-2.313435636834933751e-01
1.035994245129072400e-01
-1.028929952736289677e-01
-6.761978969854014893e-03
2.692536686451076355e-01
4.807299141453247882e-01
-5.297039832105536750e-01
-6.606223882099550027e-01
9.287592048293202840e-01
-6.055513804373355846e-01
2.363597768005845368e-01
-6.900982732264862030e-01
-4.621267525784154007e-01
5.049857349616793112e-01
-5.277730887500484691e-01
1.445430981040418672e-01
-1.321458013179624968e-01
-6.162817303701884075e-01
-4.518391876974291455e-01
5.253937969017091758e-02
8.143431066191697543e-03
8.574557315129349711e-03
6.462918191234966192e-02
3.260793691558227514e-01
8.322946212386257425e-01
3.869550794849422326e-01
7.906371542782564266e-01
3.335985771820356161e-01
5.093756091138461617e-01
1.865909923004231419e-01
9.518849793585237862e-01
-5.793293066284448400e-01
-3.245678701739702632e-01
2.447266266580541971e-01
7.795533580623850156e-01
1.672054550294915232e-01
7.550875398131133842e-01
-5.124208934603371457e-01
-3.759213782727836156e-02
8.379869155251436219e-02
5.301517334847629659e-01
8.904256413849914731e-01
3.031515061443456616e-01
-2.726324281680224670e-01
-1.000000000000000000e+00
-1.137113470816156213e-01
-2.236562542075882787e-01
2.489712139349642972e-01
-1.592886312448835717e-01
-5.501097907636892659e-02
-5.205930248484321732e-01
1.639158102934122271e-02
-2.389656336274265658e-01
-6.243785124763003846e-01
-1.134774393777619739e-01
-3.134061313434586271e-01
2.035981100198656912e-01
-6.488994418325287894e-01
-1.800550394205343574e-01
-4.548238698084291487e-01
1.356224981371679794e-01
-1.267503009078266296e-02
-7.555978168182385657e-01
-3.083946371953964483e-01
3.035982773249411570e-01
7.439489429844292623e-01
-3.409086370050928294e-01
-1.342998198441924251e-01
-2.066092309700501561e-01
1.000000000000000000e+00
1.052945794792733147e-01
3.341587514923574087e-01
-4.190645868421345455e-01
3.473964881869342491e-01
4.050789351771556801e-02
-1.942585812695426517e-01
-3.816413165073849756e-01
-8.118468858958011181e-02
5.816365895658252849e-02
5.330271754234412462e-01
-8.355026912311255827e-03
-4.991405597500909730e-01
2.821971417785732461e-01
-3.015217231862271641e-01
-9.363885724786547016e-01
8.108991932535973834e-01
1.980190274469014466e-01
2.488457417264651195e-01
6.946783274506199701e-01
-7.575472728126508848e-01
4.340634998371215580e-01
4.237876826169394429e-01
4.752438780750800618e-01
1.974972560929926235e-01
-2.086514605693845226e-01
-4.934309288995312737e-01
-7.633359786142951409e-02
-4.203783064543492598e-01
-1.256658514241035807e-01
6.678403378210615582e-01
2.857595487573897919e-01
1.793844284901268959e-01
-4.299751554820089861e-01
-4.389288782763427488e-01
-1.003154645143246038e-01
-6.613349885200652256e-01
-3.448061226507230514e-02
7.683613900648340600e-01
-9.461881851962177237e-01
2.341561532938195855e-01
-4.073783129696751937e-01
-3.702626191660843835e-01
-2.300156194934044329e-02
-4.423948974480516050e-01
6.611847886234050176e-01
3.338358193169641552e-01
5.575721212302220398e-01
-2.428919728197894701e-01
-6.990395798950453932e-01
-2.567805835358211719e-01
3.614177192399962157e-01
-8.443054718989289054e-01
-1.000000000000000000e+00
7.721747986096726135e-02
6.573965942520008099e-01
-1.325303752560184622e-01
4.285611713334597228e-01
-4.828765083888914011e-01
-2.899708465234378529e-01
3.577122543865496329e-01
4.677675986836372646e-01
8.503729935802171180e-01
