-2.213934925314663404e-01
-2.473864673952073101e-01
3.355486424753734709e-01
1.862294782118716074e-01
3.182660432575805665e-01
1.000000000000000000e+00
-3.570231997812616798e-01
1.000000000000000000e+00
2.415469989428301045e-01
7.861435675844357096e-01
1.000000000000000000e+00
-7.268560960218636291e-01
4.977941821895950913e-02
-4.036047000253683570e-01
7.098424000430842984e-01
9.128860930878190949e-01
3.420668818953823687e-01
-1.000000000000000000e+00
5.895694075100975651e-01
-7.848495631419708518e-01
6.228940237705689054e-01
5.232591918492565108e-01
9.949051810809830254e-01
-4.829481349793192102e-01
4.224713874776335198e-01
1.000000000000000000e+00
-5.572207431635554098e-01
-1.000000000000000000e+00
4.566060970316855316e-01
-7.469280309970495191e-01
-1.000000000000000000e+00
2.934392872264514618e-01
-1.000000000000000000e+00
-1.000000000000000000e+00
6.361621179449793440e-01
1.000000000000000000e+00
-6.274529082985491613e-01
-2.767874210225996223e-01
1.000000000000000000e+00
1.000000000000000000e+00
4.909161183658761196e-02
8.092098685196528196e-01
-5.094211868594727965e-01
-4.322195293908155378e-01
6.832422364384856950e-01
-4.441889946063535821e-01
3.192186103187559798e-01
-7.768658603225125914e-01
1.000000000000000000e+00
1.000000000000000000e+00
-4.017529640514602707e-01
1.000000000000000000e+00
1.561139974430648392e-01
-5.664561404381434073e-01
1.000000000000000000e+00
1.000000000000000000e+00
-8.648606277261589037e-01
6.479810715023487377e-02
-2.619491966127988070e-01
1.484890540985731588e-01
-4.510459360690717290e-01
-9.589967105508834244e-01
1.000000000000000000e+00
1.000000000000000000e+00
7.984424826967961852e-02
-9.440898472989727175e-01
-1.000000000000000000e+00
7.480905171323561920e-01
-1.000000000000000000e+00
-1.000000000000000000e+00
6.946290289043796085e-01
7.840345618400348382e-01
1.000000000000000000e+00
5.998215870131853311e-01
-1.000000000000000000e+00
9.034076170053170207e-01
1.000000000000000000e+00
-9.031112772736572536e-01
-1.293076810809193344e-01
1.000000000000000000e+00
-4.161494867940280784e-01
3.874134445825777595e-02
1.738695784565707503e-01
-7.849976952027448718e-02
-2.311155803277966658e-01
-4.462775274427521754e-01
5.809755947874208903e-01
2.554345575441064886e-01
1.681776517272778326e-01
-9.213085605621840202e-03
-9.141269525167738941e-01
1.000000000000000000e+00
-2.057505480444676571e-01
-1.000000000000000000e+00
-9.092637084324882712e-01
-7.019902347728868008e-02
1.000000000000000000e+00
8.533932035833202701e-01
-3.029624580811408618e-01
8.658282433577632609e-02
1.000000000000000000e+00
-8.855850970868507366e-01
-1.000000000000000000e+00
-3.255067130877397075e-01
8.890519978965576442e-01
-7.316929569461763094e-01
1.000000000000000000e+00
3.499857115941574781e-01
1.000000000000000000e+00
4.482881939064342625e-01
-1.000000000000000000e+00
-6.453185444070052013e-01
-4.523122423720158380e-01
-5.545642875418101969e-01
-5.276215493783602550e-01
5.551861456924545024e-02
4.293027507737355308e-01
2.723937676297523425e-02
8.508957819143486700e-01
5.158710111465190096e-01
3.071825772510298203e-01
-6.037956207622542371e-01
4.512329096726621636e-01
7.181234630250665774e-03
1.000000000000000000e+00
1.000000000000000000e+00
-8.456223472570811861e-01
-1.000000000000000000e+00
-1.000000000000000000e+00
-1.226878645542802682e-01
2.674356216562379096e-02
8.494764859813254132e-01
2.449166084334067905e-01
8.764558643818620709e-02
-7.948063538971315012e-01
1.051987060730261159e-01
4.353451965388954736e-01
4.190507078319781753e-01
-7.065422472341726934e-01
-4.638703212906605255e-01
-6.934153665336331152e-01
-9.665946485977794378e-02
-1.796643684604765090e-01
6.031066328131158283e-01
-1.731362761125798677e-02
-1.000000000000000000e+00
-1.000000000000000000e+00
2.514835583086501014e-01
-5.613118443019833315e-01
-1.602070242829792823e-01
-4.008117859020386975e-01
-1.000000000000000000e+00
-1.000000000000000000e+00
-1.000000000000000000e+00
4.101639756201870823e-01
-1.242914976325808496e-01
8.151377799583631178e-01
-3.635190774740990616e-01
1.000000000000000000e+00
-6.434375871800424029e-01
-4.506925566142538919e-01
7.600322864568979098e-01
5.253513164122114443e-02
-6.705986376557380169e-01
1.891308849428485761e-01
-4.570493502223810234e-02
3.506557261701719885e-01
-1.977287066710974317e-01
-8.989288365949092974e-01
8.960349470167612296e-01
-1.470306387211118837e-01
-3.703331154732998343e-01
-3.400942599886788154e-01
2.317890324871276775e-01
-1.591619762658567361e-01
5.534020500699177170e-02
-2.911892590545718251e-01
2.787472646654768349e-01
-1.312377100178450107e-01
-1.598091072172705684e-01
-5.555975795833856257e-01
1.636854081938898808e-02
-1.000000000000000000e+00
-1.000000000000000000e+00
8.637838829108895888e-01
8.273601704519939481e-01
4.454937380735655150e-01
-1.694069405024944963e-02
1.794235902705648700e-01
9.635681460903966489e-02
2.291905409674329097e-01
-1.000000000000000000e+00
-9.328651674701891050e-01
-1.000000000000000000e+00
-2.664475788153815583e-01
4.217855426370338834e-01
-1.665229842974484675e-01
-1.110159105140052227e-01
-5.952279440392862497e-01
1.000000000000000000e+00
-1.000000000000000000e+00
-6.346802867532330694e-01
3.481727407537510977e-01
5.031610845247340702e-01
1.000000000000000000e+00
-6.751663652805417470e-01
7.770803086452247044e-01
-1.000000000000000000e+00
6.272163550199080784e-02
4.819484159886227026e-01
-3.142912663758590242e-02
6.421410596443698493e-01
1.000000000000000000e+00
8.063438084166409947e-01
-4.826782421425449554e-01
2.523598989832370743e-01
1.240879977332905448e-01
-2.405651228260075047e-01
1.000000000000000000e+00
-1.079966756739327294e-01
4.050265324934554378e-01
2.751628598226601996e-01
1.122819179177679816e-01
-8.330345534206979874e-01
-9.941172369309185797e-01
2.084427846890177238e-01
-3.910838839216878582e-01
9.813714062995650966e-01
1.000000000000000000e+00
-8.182923531179393528e-01
-7.083510564068042914e-01
7.725366071900227061e-01
3.456480520728317796e-01
7.018900152859801622e-01
1.000000000000000000e+00
-1.000000000000000000e+00
-4.106116581523696629e-01
-2.469978662729344077e-02
1.000000000000000000e+00
2.986941765386443848e-01
-5.812514132642933040e-01
-1.000000000000000000e+00
2.018701395083817296e-01
4.411376870974029751e-01
5.372642247026457873e-01
-3.934674008947916524e-01
1.819561757285327319e-01
1.739158412094165551e-01
8.094837430442126669e-01
1.000000000000000000e+00
-1.448135197468657376e-01
-1.000000000000000000e+00
-3.462312576030190936e-03
6.927004802519558524e-01
-5.670803880517620854e-01
-2.907671011825292973e-01
-1.000000000000000000e+00
-3.731756174112624835e-01
5.534367635501431515e-01
-1.206166264580569858e-01
-1.000000000000000000e+00
9.387078682414107256e-01
-1.000000000000000000e+00
1.000000000000000000e+00
-3.514852894258109761e-01
