2.769229477704739373e-01
4.759409395161390277e-01
-1.528095325856257958e-01
1.641118654363620810e-01
-1.991123849938057910e-01
4.632500972244045778e-01
-1.660661334314510185e-01
-5.813724813024493399e-01
-1.315962914406968443e-01
-1.803034910271349989e-01
8.149644110699309774e-02
-5.581590181899984682e-01
-1.445702660136688467e-01
-4.344861910966418272e-01
5.285843982809497188e-01
3.568893526174428121e-01
-6.540715591828160161e-03
4.416693070760447370e-01
-1.127506097921499445e-01
-4.308966368849570516e-01
4.358447858201078828e-01
8.879310574710236326e-02
-1.237110437467029700e-01
-6.864352527400521264e-01
8.936851274722183991e-01
1.941736075549275187e-01
3.564072174396777370e-01
1.576614110602910790e-01
4.027049033007763096e-02
-5.149920588056423609e-01
3.707649036407222043e-02
8.284184009984421615e-02
5.423880509509673015e-02
9.865796435238628759e-02
6.557102853739014969e-02
-5.261067694841176090e-02
7.243557584053675891e-01
-2.843984133818007187e-01
-3.256648008873951339e-01
4.401546828153224955e-01
-7.886600194971357669e-02
-5.335949573150344794e-01
-3.824016411657211734e-01
3.890722534363264540e-01
-1.550470306062002313e-01
1.497369429459727563e-01
-1.031752683920332259e-01
1.065906037389692668e-01
2.263020411164821111e-01
-1.113589170193727829e-01
-4.232413019820748662e-02
4.186531927197857939e-01
2.709280135095140096e-01
-2.521596712009068764e-01
-1.294490336342150605e-01
-9.806151377604392927e-01
3.455427733731136208e-01
-5.636422665241824781e-01
-9.692165034670490176e-01
-3.705384519115678676e-02
3.195263863371739649e-02
3.314951346213709620e-03
-1.823388516880233845e-02
9.834272938222836380e-02
1.960615926061245670e-03
5.818887702714392596e-01
-2.447792288202457062e-02
-1.414313769792482911e-02
-2.077278680136466701e-02
5.156217174566625205e-01
2.787022662723294131e-01
-5.235056815821852449e-01
-9.552569325106875786e-02
1.126320826702816580e-01
-7.779982109518499556e-01
3.351364728914418278e-01
7.285724146293384162e-01
2.533261829538311916e-01
-5.094382675925959725e-02
6.774609165107332576e-01
3.585713431269361724e-03
-4.579567831169903958e-01
-1.510053740517341425e-01
4.174965121578689820e-01
4.316203670044576612e-01
6.643896436552670925e-01
-2.234633297517469586e-01
-2.417066855848173934e-02
-2.209144735790857794e-01
-2.519446023440813920e-01
-8.234774631473164297e-02
3.129202585322227170e-01
-5.161835560182734817e-01
-3.437224947040097289e-01
4.372342514451197371e-01
4.431376304461776550e-01
7.405616478466006125e-01
-5.801208331748539671e-01
-3.485746575119844093e-01
-5.266675333064258641e-02
2.427175675168576907e-01
9.710907745563823745e-01
-5.018713673873959058e-01
6.854365592423433684e-01
3.184344722079931467e-01
1.628863017370370259e-01
-4.194327033004492944e-01
2.744850522482605304e-01
9.740934065412596432e-01
-4.183816729803293000e-01
-5.898692370945892716e-01
-2.888977427050487545e-01
-2.123251163909901928e-01
2.514539175960197603e-01
1.018866160345976851e-01
-1.093386493805999921e-01
5.783886525802754974e-01
-4.276484515894963256e-01
4.938575606949591745e-01
-7.062338491274355867e-02
-1.769416792639995628e-01
5.505226914223617651e-01
5.248513508027725649e-01
1.899159170622671811e-01
-3.572283617444574344e-01
6.634041752715112983e-01
3.247559274226918258e-01
-1.278151873071090884e-02
1.881035394512895476e-01
7.519838708286312734e-01
1.174230853019434390e-01
1.750412962400785810e-01
-2.432682456815772887e-01
3.925921873363372866e-02
1.097158476213840606e-01
3.929284116456817633e-01
2.517568654772380787e-01
-8.022423513777119375e-01
-6.164303947024332153e-01
2.513211619217770032e-01
-3.268822519144106709e-01
-9.846016367381744960e-02
6.444685991934260283e-01
-3.156580708118664202e-01
2.479202374774022999e-01
3.224256394816393256e-01
-3.608325398815045992e-02
-7.196629579128278886e-02
-5.074595744276772652e-02
5.569785410894896316e-01
1.342243979844671142e-01
-1.749869926718657931e-01
-2.660436820830693327e-01
-3.878971624472384860e-01
6.914598429332579066e-01
2.107059806922302048e-01
-2.580091321408747307e-01
3.496849878474146966e-01
-2.926288365642538136e-01
-2.448901967230950882e-01
-1.432701520702857889e-01
3.860624446619598804e-01
4.187948641933358362e-01
5.837884946019847865e-01
3.186914665874376190e-02
7.737770176155888135e-01
7.776646698066498331e-01
-3.276894602454225591e-01
-3.637695526705972404e-02
-9.079923437126747876e-01
-4.767642297977037896e-02
-1.096055714131337518e-02
3.489509524421842701e-01
2.598008669897068357e-01
-3.214254892274871489e-01
-1.407854682345513198e-01
3.390457824439480072e-01
1.583559894679940627e-01
3.112855009845765797e-01
-1.448870451078481669e-01
-9.761191488729310806e-02
-1.101491159472938325e-01
1.294776013029598494e-01
-2.622913544481514925e-01
-1.381411490535383590e-01
-1.064855686004037294e-01
1.615784470247023374e-01
-5.114783995750470380e-01
3.758681648825669130e-01
1.116534285899538001e-02
-6.257508151898057980e-01
-4.962032849446711830e-02
3.313560327098120928e-02
3.401937954486110305e-02
2.263623842242203088e-01
9.043417926524935369e-02
-1.309498662535263647e-01
-4.542329442468460710e-01
5.221810241238928896e-01
3.476475817411313063e-01
-1.829302002764870982e-01
-3.799891261133358511e-01
-1.243126300714643140e-01
4.468870454425052929e-02
-1.962581448370543102e-01
-9.347759409193673319e-02
3.661677119495261312e-01
-9.512989719206508266e-01
2.812575562817654085e-01
2.528867417126461070e-02
-8.920838146256138135e-01
-3.385147708019364821e-01
-5.305594367250897336e-02
4.324583753860122837e-02
4.421939591714370982e-02
-1.298331711922400822e-01
2.216896670590243756e-01
9.990781668023984707e-02
2.029008034570400909e-01
1.518358555776935792e-02
-2.908082193833593232e-01
4.935767133248674110e-01
2.470917606866374627e-01
8.374445982871955296e-01
2.460883737743904121e-01
3.434356646030076732e-01
3.302157078244739030e-01
-8.044341218790027614e-01
-8.748307623030202040e-02
2.545331764603204761e-01
7.479717272735755262e-01
-2.333622715011094417e-01
-8.025332056039475859e-01
2.450473702434587120e-02
3.337490583017209134e-01
2.514511566056123471e-01
4.552125900401549768e-02
2.461981751888362990e-01
-1.370065798647698493e-03
-3.059313419923110899e-01
-4.099991197395807530e-01
-2.112902247693610458e-01
2.350457484256559815e-01
1.435923321539838426e-01
5.709239417166664388e-02
-4.679268898359821849e-01
-9.066002266136719001e-02
1.341488773081422337e-01
2.410349304512929836e-01
-6.526706599288472077e-01
-8.726986793003873449e-03
1.684982762965108738e-01
1.186945582927227336e-02
3.595207740680906455e-02
1.702797395555524229e-01
3.130332523528233102e-01
-5.062487017131326456e-02
7.207100437612068422e-01
1.200513675913577605e-01
5.517875441325754693e-01
4.601653330209074522e-01
-2.024275977659255321e-01
-9.009540902549062480e-02
-6.818887595569009807e-01
-1.151309020399373384e-01
