4.655794978226328595e-01
-4.726394139223999424e-01
-7.864120492469619528e-01
-6.821617679736640127e-01
-1.000000000000000000e+00
-9.081530377140629717e-01
-3.001345979284030796e-01
7.169476595110964023e-01
-3.664361176338019610e-01
-1.083697363440466743e-01
3.888175691489234032e-01
-1.000000000000000000e+00
-5.794047316068400288e-01
9.423913002054893351e-01
4.378397805372322704e-01
2.592810292605236544e-01
-4.125359590013331079e-01
6.202320606866522645e-01
-2.553779844992866144e-01
-6.550235369618138126e-01
-6.539974914045900700e-01
4.702677203140674944e-01
6.632747860774546034e-01
-5.088138864828277708e-01
-7.554303868900243968e-01
-7.360243245212414465e-01
-4.190719832281142310e-01
6.222648230798071278e-01
-5.435884789388559790e-01
-4.460309756521563251e-01
1.000000000000000000e+00
-7.481574303909094281e-02
-4.722290189735590948e-02
6.977851137826864836e-01
6.557991867256325325e-01
-1.297344161483628966e-01
6.997076380191560308e-01
-8.295131083311708675e-01
-8.150546904472193432e-01
-1.017329472254996370e-01
1.633581167089359909e-01
-3.206365684649600811e-02
-5.093705018977288113e-01
1.000000000000000000e+00
4.335574193578795033e-02
-7.995362300340578265e-01
-2.992556117956107209e-01
3.464002203092950705e-01
2.775857016733922489e-01
-8.351104991784563669e-02
2.228377434857746753e-01
-2.309998457492281887e-01
-5.880274157624647557e-01
-3.563943888173403685e-01
-1.000000000000000000e+00
-9.952485226880133373e-01
-9.473200773954284504e-01
-6.945951648337836959e-01
-8.082326143418347986e-01
-6.943853467857541428e-01
-7.052591605569844546e-01
-2.915572754314825765e-01
-5.779532008630188233e-01
-2.477418916898326273e-01
-4.508169676327723474e-01
-8.936677043832670364e-01
6.511462635994216264e-01
2.624622910166565237e-01
-5.995406946353776245e-01
4.039574503489340440e-02
4.310732780989887658e-01
1.735026925906641981e-01
5.173771799316940756e-01
-1.962168841168596689e-01
-7.786566581159075628e-01
4.492591632284930192e-01
-5.177608972790257447e-01
-3.084354289409235728e-02
-6.226824034629236948e-01
-4.855101760874012129e-01
-7.373397559145582481e-01
-1.098421669268989653e-01
1.920543872435843680e-01
-4.700082132567644511e-01
1.000000000000000000e+00
1.674574460314092184e-01
4.628573139883995768e-01
9.475582169047380710e-01
7.658393717715670235e-01
-1.648144210455568803e-01
-1.308836623694507040e-01
1.000000000000000000e+00
-5.064322331320953996e-01
3.632613878467438884e-01
7.179204653600338437e-01
4.236434983117964848e-02
4.729894595993824336e-01
9.165108658908711625e-01
-9.412015752952018754e-01
-5.883797205225232974e-01
8.057519270671156253e-01
-2.479920908032189342e-01
-9.872188565617487921e-01
8.197496397465501294e-01
5.377762842300757296e-01
1.000000000000000000e+00
3.525443233621006200e-02
2.402729084931128911e-01
4.505400474805072442e-01
1.304218028217383196e-01
-1.000000000000000000e+00
1.324053728292524656e-01
9.239406921498225511e-01
7.702140249091682378e-01
7.759464065356522777e-01
-1.000000000000000000e+00
2.310224649729768487e-01
-8.944413740131357260e-01
-6.000839020249569833e-01
-6.869845333514652541e-01
7.428598552752552209e-02
-4.102862253005222226e-01
-8.047206380759952538e-01
9.070574116825347311e-02
-1.000000000000000000e+00
-5.976035094335285791e-01
8.032077010199984990e-01
-1.000000000000000000e+00
-7.763114308099863248e-01
-7.431129048843707618e-01
4.038384218932782321e-01
1.000000000000000000e+00
-7.913343023122660913e-01
-2.970634345346558902e-01
-2.864595831543347848e-01
-9.522299986998914445e-01
-9.310152085218365015e-02
5.758126118751549782e-02
-7.901848955281565168e-01
-1.000000000000000000e+00
9.902733750462880957e-01
1.000000000000000000e+00
-9.572894525029289614e-01
-1.900954821425138164e-01
4.317200709283187943e-03
4.874543364777954579e-01
9.474889383968718715e-01
-5.647307031514414710e-02
-1.751907082476777955e-01
-5.550801484112271034e-01
2.384055997411217986e-01
6.360800257222963827e-01
-9.723809135924061930e-01
1.000000000000000000e+00
4.747414781474179613e-02
-6.692825122931855830e-02
-3.137934709680345602e-01
-3.375255049220287074e-01
-9.209143104065486973e-01
-1.369557922451445364e-01
4.007964761058415704e-01
-4.699436722545056178e-01
-8.008170632644282527e-01
-1.148873201324285276e-03
2.209552825252607544e-01
9.033315281966085575e-01
-5.880487451012821332e-01
4.703460010733686580e-01
-7.421265639654059942e-01
1.199528692029401267e-01
2.083269942162699895e-01
-1.000000000000000000e+00
4.497660511448793308e-01
-3.585197396541175419e-01
-3.004324436110816787e-01
-7.891837903049903069e-02
6.139742184432523953e-01
6.008695927692897509e-01
7.420104407653433931e-01
-7.430966852352915986e-02
-7.693965099016799591e-01
9.522885892299082222e-01
-9.435788398644249231e-01
7.916229907610225491e-02
6.234593355596520503e-01
7.257110837069860043e-01
-5.530189240683585084e-01
1.000000000000000000e+00
-7.831486891783220328e-01
2.959050267008382917e-01
-2.080065649904316860e-01
5.706918912619407536e-02
-2.397647269781353341e-01
8.922582762117770017e-02
5.325866313099183458e-01
5.573010688435582338e-01
6.421337746497204346e-01
1.191311722502891579e-01
-6.078730358846473614e-02
5.788574317594932239e-01
-1.702063198027403690e-01
-9.174207107055076804e-03
-6.788778494772773620e-01
9.402464448748837356e-02
2.399163647787798670e-01
9.543695066050641440e-01
-6.834885678663483732e-01
-2.860009077210372563e-01
-1.821338136487703763e-01
3.228901982320302455e-01
-1.000000000000000000e+00
-8.560903002469075762e-01
2.615902940307870406e-01
6.027835495179962866e-01
5.262312765532934922e-01
-1.000000000000000000e+00
-7.569648678659826047e-01
-1.456329799188320617e-01
7.473150346465616822e-01
-1.676311192592720989e-01
-3.849894557819653063e-01
4.242466802753455113e-01
1.000000000000000000e+00
1.108162809243323221e-01
-9.453401504231992991e-01
7.491963936572281213e-01
-8.225585058769864233e-01
-7.599771376974067127e-01
-3.954221292353137240e-01
2.851008813375912609e-01
-1.689873053304187245e-01
-1.000000000000000000e+00
9.366117178726265369e-01
-8.158287389348126695e-01
-4.770350428988736624e-01
2.007333312611880860e-02
-4.808881238257882718e-01
2.497570460653841251e-01
-2.994557747979598172e-01
9.535719847614086975e-01
-3.877258793173895546e-01
7.785092028798339392e-01
-4.067560411242141516e-01
-5.529903658263561894e-01
8.811556847519217417e-01
-9.998316410539516141e-01
7.995070118405966930e-02
4.037363164775409352e-01
2.117584919206436656e-01
6.041372723169473602e-01
3.161100108082242066e-01
5.023576961387813400e-01
-7.164670340817749228e-01
2.828273797270819401e-01
-1.445485304450089270e-01
-6.199146472303984634e-01
1.000000000000000000e+00
-5.842617715502449460e-01
7.127754773262973131e-02
2.979348552620697532e-02
2.263993368707000187e-01
-3.107380300867388367e-01
-8.724470466302798322e-01
6.412834700939737953e-01
-7.135978625883613313e-01
