6.162813462515850382e-01
5.896941646995580433e-01
2.885511474726163428e-01
-1.000000000000000000e+00
2.935811338525118330e-01
-2.082450660614073579e-01
-9.458317891237568720e-01
3.759972325976876362e-01
2.684894818191159160e-01
2.274173163233017547e-01
-3.378496821176704690e-01
-1.144003170077727005e-01
-8.069527786511127010e-02
-2.880151715122690192e-01
1.450564980420492311e-01
5.141301807642673083e-02
-1.000000000000000000e+00
1.112740842795398311e-01
1.000000000000000000e+00
-2.877375312619169234e-01
-6.923758218316600210e-01
-1.000000000000000000e+00
4.117202837991739139e-01
1.000000000000000000e+00
-1.528794422170161038e-01
-6.805324427633629991e-02
1.083454793198231625e-01
1.000000000000000000e+00
-8.847478598535731820e-01
-5.159209084270590662e-01
4.682391796200349177e-01
3.030403171664634576e-01
1.000000000000000000e+00
-3.844602824647406769e-01
7.385853704849698609e-01
1.862085693293352162e-01
1.000000000000000000e+00
5.448745490358064547e-01
4.855716674469450211e-01
-1.441262371625104954e-01
1.000000000000000000e+00
4.375455607031979444e-01
1.000000000000000000e+00
-2.734465226851491293e-01
8.224414467227092462e-02
1.297802982931725024e-01
3.726184501592984533e-01
-4.011719345312945162e-01
4.914925969082745150e-02
-2.265267085341574338e-01
1.905202100468996185e-01
1.000000000000000000e+00
2.290538295613320230e-03
6.681580168372628359e-01
-9.408759956350076781e-01
-1.000000000000000000e+00
1.000000000000000000e+00
-6.957846096385394974e-01
4.877458647168791961e-03
2.213639415406072619e-01
3.974936101096129271e-01
1.000000000000000000e+00
-5.977703017964517418e-01
4.865799282254332225e-01
1.000000000000000000e+00
9.011352720685938955e-01
1.000000000000000000e+00
9.396834162226601617e-01
4.000418198540015569e-01
-7.634167462927980985e-01
-1.000000000000000000e+00
3.647954525155276961e-01
-3.487300957742016649e-01
4.383077887202682099e-01
-3.173190811162097669e-01
8.029222717450661406e-01
-1.684040195758584879e-01
-1.000000000000000000e+00
8.193218527676888741e-01
-9.810815168484507964e-01
7.634513918434148172e-01
-9.745440921177361826e-01
-2.371800394938161638e-02
9.356590632031247523e-01
8.383143866776657793e-01
-1.000000000000000000e+00
9.082649240423582571e-01
-1.000000000000000000e+00
9.071730085658138432e-01
-7.358212083335250453e-01
9.701936174824552506e-01
-1.000000000000000000e+00
2.589596935590305349e-01
4.689890017671444200e-01
7.492083079683627966e-01
-6.597460755793058684e-01
3.025369456420468062e-02
-3.193403199178412311e-01
-6.859216653672037811e-01
4.449140671992835028e-02
-6.668817428821383064e-02
-3.728874997338834651e-01
3.632443894127048711e-01
-2.746771156086381671e-01
7.313571496794701865e-01
-9.414952079545166885e-01
-9.411840630460340806e-01
1.000000000000000000e+00
-8.542989425035333317e-01
3.581413507703224974e-01
1.000000000000000000e+00
-1.000000000000000000e+00
-4.728783263667935000e-02
7.928443413216096358e-02
9.396083878654936106e-01
3.359304384689585365e-01
7.743799761149823269e-01
-4.533209932432010758e-01
-4.435948963164443870e-01
5.143742860080640078e-01
-5.791310561879448038e-02
-9.883973323353720808e-01
7.123414783531567540e-01
-1.000000000000000000e+00
1.000000000000000000e+00
6.022447641026851262e-01
-1.000000000000000000e+00
1.275450927510930477e-01
3.740124363902429527e-01
2.107783636083757628e-01
3.504335363575905582e-02
9.748701891718369872e-01
-2.346137762144660799e-01
2.584891607402969305e-01
-2.251310484218396746e-01
-9.870306419901080375e-01
7.122679219839346265e-01
4.143462110272155829e-01
-1.000000000000000000e+00
1.000000000000000000e+00
-7.014827409392925261e-01
1.115518220631956936e-01
1.794333364461642155e-01
1.744760190098666452e-01
-1.000000000000000000e+00
-7.011388817379814453e-01
1.850085256191608685e-01
1.000000000000000000e+00
-7.017969568636412969e-01
1.000000000000000000e+00
-3.059300926047257008e-01
-1.000000000000000000e+00
-9.403204700980474229e-01
-9.416478715625408169e-01
-5.503050341336055418e-01
-5.254156637258711182e-01
-2.071169765984641198e-01
4.266703259826825634e-01
-6.694455752665511294e-01
-5.479374135120010925e-01
-8.876196484145392196e-01
-2.032994789299613636e-01
7.432919565889430924e-01
-5.518370448116693971e-02
9.132212957780091456e-01
1.000000000000000000e+00
-4.104992548784787143e-01
1.000000000000000000e+00
-7.116740465075175326e-01
-8.949056085310944653e-01
-1.000000000000000000e+00
-3.319005875393464811e-01
6.091236327692308716e-01
8.673492518177133848e-02
-1.331395481717210227e-01
3.188675037335626516e-01
-8.085966361643008860e-01
-1.257027405605637416e-01
2.730429440294006582e-01
8.150905412816878970e-01
1.000000000000000000e+00
-2.714633714513932095e-01
5.996622436508785015e-01
-4.237576335020140084e-01
-3.254152493535805157e-01
1.466165621812554054e-01
-4.490469643598437033e-01
-1.000000000000000000e+00
5.883654375978171203e-01
-6.279934950970983421e-01
-8.442294579271566457e-01
6.373595913172589444e-01
3.959603506812050533e-01
-5.419241685354747595e-02
7.478202006979706162e-02
-1.496343587744117798e-01
2.576009279116664441e-02
-1.000000000000000000e+00
3.263325674957395228e-01
9.221022018658326935e-01
1.000000000000000000e+00
-1.000000000000000000e+00
-4.205001594881669913e-01
-4.752606513449946224e-01
-1.000000000000000000e+00
1.000000000000000000e+00
5.909970672069140285e-01
-6.895395116539138058e-03
-8.547434087180927342e-01
-6.209418940256681285e-01
1.000000000000000000e+00
-1.000000000000000000e+00
1.247616040714767671e-01
1.000000000000000000e+00
-2.768791410615635828e-01
4.415731828113039770e-02
-5.584817450901612412e-01
5.646939446446886945e-01
-3.327145052903633382e-01
5.607281581452072672e-02
-4.262540316546363783e-01
-1.079711816700607008e-02
-4.232919947128432892e-01
9.252703852302036625e-01
-5.921407417726326505e-01
-1.000000000000000000e+00
1.000000000000000000e+00
-3.792806769450536852e-01
4.751140691715285413e-01
1.141078973495274207e-02
-8.517606505769732550e-01
-1.000000000000000000e+00
-6.229841686044892413e-01
-9.095960469994561759e-01
-1.000000000000000000e+00
-5.025329130095774754e-01
-8.359243356011463177e-01
9.439255833429746056e-01
-1.754215625255142186e-01
-9.266150658474830992e-01
-5.998067671935007894e-01
5.189685965830563852e-01
4.807761796936478316e-01
-5.618928363998998421e-02
1.516868184710226108e-01
-4.981746067852432236e-01
-7.086061657395269497e-01
-3.395821068946567323e-01
-6.299649325265224142e-01
1.000000000000000000e+00
-5.232833230539730707e-01
-5.774460347973011665e-01
9.754607561586325915e-02
1.000000000000000000e+00
3.790641741306980950e-01
1.000000000000000000e+00
7.318726078578424721e-01
-2.924032205169785348e-02
-7.784940879716020223e-01
6.603088122431391982e-01
-6.149720516569430195e-01
4.347339183470668167e-01
-8.027351345768101165e-01
2.398161902420846148e-01
1.000000000000000000e+00
