-3.389330519519480056e-01
-8.636640663690753339e-01
2.328515000721565475e-01
4.604783601393904746e-01
-4.225510788957546060e-01
-2.070629261364598239e-01
7.142025381656935679e-01
-8.828988051118427105e-01
7.675638790213875629e-01
1.000000000000000000e+00
-1.000000000000000000e+00
-6.264158737359837303e-01
-7.087309700377530941e-01
-8.959300338211462211e-03
-7.278035028268163842e-01
-2.532762915649514057e-01
-9.117755740798001440e-01
-4.002164120097994049e-01
4.763035982172660887e-01
-1.000000000000000000e+00
1.000000000000000000e+00
4.961202347590545902e-01
1.000000000000000000e+00
6.726154757324929179e-01
-3.552838491930381815e-01
2.126625651544918338e-01
6.248170659171879970e-01
1.000000000000000000e+00
-9.001820845190344755e-01
1.000000000000000000e+00
1.000000000000000000e+00
-8.131123243590165917e-01
1.000000000000000000e+00
-5.497080285052433624e-01
-8.622950091360894742e-01
-1.000000000000000000e+00
-8.014737722586702251e-01
8.762042668194249817e-01
5.453139786105136722e-01
4.672102389577499348e-01
3.788763426612247187e-01
6.393150700793293062e-01
-4.655785603467390565e-01
5.455075162217208895e-01
8.998683802236411289e-01
-6.246726002179825432e-01
-2.022364565224865629e-02
-1.350212576980167611e-01
-1.000000000000000000e+00
-6.335521230955933891e-01
-6.275115881755175540e-01
-1.000000000000000000e+00
3.854952668705285967e-01
-6.365042077671907439e-01
2.802684948261757736e-01
7.003800571242138062e-01
-1.477203818913437883e-01
-1.000000000000000000e+00
-9.953670053467389423e-02
1.000000000000000000e+00
1.000000000000000000e+00
-1.000000000000000000e+00
-1.000000000000000000e+00
-1.000000000000000000e+00
1.465810484575029715e-01
5.061150443283469746e-01
-5.950562505393199864e-01
1.082747930168743711e-01
9.238565850455758843e-01
-4.435107949357557366e-01
-8.599999933316544443e-01
1.912250744763473176e-01
1.000000000000000000e+00
-3.870622550209995572e-01
1.187576880882663666e-01
1.000000000000000000e+00
8.654282912096109559e-01
7.682554831099352999e-02
-9.091076784269896960e-01
-5.235004352932226546e-01
1.041086356659015610e-01
2.037786150263030116e-01
1.000000000000000000e+00
5.983622232133335439e-01
-1.000000000000000000e+00
-1.000000000000000000e+00
5.428542133034153228e-01
3.610114772880579359e-01
-8.537545634078468337e-01
-7.810711328012587273e-03
-4.527090853652878666e-01
8.933578758670228659e-01
-1.000000000000000000e+00
-8.859115096577885318e-01
-7.356578386165579797e-01
9.062617027898766109e-01
3.904645068741821046e-01
1.705161089608903113e-02
-1.000000000000000000e+00
6.207694844991464844e-01
6.336260473405121996e-01
6.162478208076519470e-01
-6.701956465949778785e-01
-1.785184089025451670e-01
-8.728831360929225625e-01
5.438667329757500557e-01
5.282765004596307046e-01
-8.332621032705271880e-01
2.466584524171233639e-01
8.977462232864658054e-01
-6.570588630694961241e-01
-3.774011346937624634e-01
7.621797915074219887e-01
-5.958685193889017295e-01
-7.502161235023689922e-01
-4.182909688401443837e-01
1.000000000000000000e+00
7.713333819134142733e-01
1.715353003737607462e-01
-9.695595325447075030e-01
-1.000000000000000000e+00
8.680145790890629875e-01
-1.000000000000000000e+00
1.000000000000000000e+00
5.408062838652569759e-01
5.916826985503180758e-01
-4.070794412321795397e-01
6.882619585243650029e-01
4.407617652814375675e-01
-4.828846894603623374e-01
5.455581022198396912e-01
8.104945744756013593e-01
1.744324375065507138e-01
3.058068831391816955e-01
9.012565392143734311e-03
-3.634587155815248161e-01
-7.013940860112097830e-01
8.686516287581873552e-01
2.220713383235785043e-01
8.220101897770359933e-01
-1.743174699881622214e-01
-8.098675358280931214e-01
4.040829609257541311e-01
9.080682881842669918e-01
3.505467322299427035e-01
-1.000000000000000000e+00
7.645550932930060828e-01
2.200744684442886845e-01
-1.000000000000000000e+00
2.287710636257906938e-01
9.412639039517556316e-01
-8.436512071097190812e-03
-5.177950083360725042e-01
-6.699817240475932634e-01
-3.136509623219818632e-02
5.930729599274937591e-01
-8.323349380088216343e-01
-4.079089357387744030e-02
7.602250276520357009e-01
5.067961961121868475e-01
-2.243959902683951846e-01
-4.731258416451058491e-01
2.683130411576323815e-01
3.632578211000465629e-01
6.208566888913565895e-01
1.000000000000000000e+00
6.463733570690985974e-01
1.244242761408176356e-02
6.292622439359276676e-01
-1.000000000000000000e+00
-1.000000000000000000e+00
2.024439312546273406e-01
2.234848768655102180e-01
5.013746335840325585e-01
-5.504432012020603615e-01
5.211339878076750587e-01
-1.000000000000000000e+00
7.830324919566624686e-01
8.862768207684861288e-01
9.652974055272525167e-01
-1.519946645424029574e-01
4.869448244683516336e-01
1.000000000000000000e+00
2.467481777179529878e-01
2.763636676628434818e-01
-5.868103540605671409e-01
-1.000000000000000000e+00
3.136543978516967979e-01
-2.372337677727633376e-01
-4.211773629153654497e-01
5.339018895175786650e-01
-3.988012351164300640e-01
1.000000000000000000e+00
1.214325146913675935e-01
8.345176984265465503e-01
-1.000000000000000000e+00
3.360341517620399898e-01
-2.441891320976619095e-01
-5.575729438351845202e-02
-2.654403629761603600e-01
-1.909169170065769805e-01
1.302290664223360039e-01
6.757506331081021278e-01
4.220360538813392459e-01
-1.000000000000000000e+00
3.759680920294286022e-01
5.454222555004412110e-02
3.408668721066886453e-01
-1.000000000000000000e+00
7.704819417264838766e-01
-7.525455743092612781e-01
5.181229109907388164e-01
3.990823164045715910e-01
4.413372449918399054e-01
-3.178458205240342616e-01
-7.297232149346057906e-01
-2.268838949631584168e-01
-8.516115637863564958e-01
-1.096189623546248160e-01
-6.436127598007403972e-01
-9.429034335690660296e-01
-1.325510282733177725e-01
2.658378852169376305e-01
9.815535352840307759e-01
-1.000000000000000000e+00
-1.121724996611647707e-01
-6.914591165522891991e-01
1.000000000000000000e+00
-2.786963154793409281e-02
1.000000000000000000e+00
9.357653846404127007e-01
2.503187972103596559e-01
1.985512208439762505e-01
1.000000000000000000e+00
2.671729888678213705e-01
-6.957729179573441947e-01
7.295778786378783742e-01
-5.292952556108698747e-01
2.758388454059401140e-01
6.774340852493173637e-01
-3.325937648090893095e-01
-4.989538114012872505e-01
-5.232560026232624395e-03
9.934131247634085948e-01
-2.230948674317183578e-01
-7.023217608129406209e-01
-1.000000000000000000e+00
1.433060642897187043e-01
2.657146605695962505e-01
-7.994633150995533732e-01
6.922640726585325144e-01
-1.603168418973374698e-01
4.517263331658805670e-01
-7.947849337738041586e-02
-1.370561019698577909e-01
2.924341230075968578e-01
2.473749345028375402e-02
-9.383939263234708505e-02
6.571917462601664095e-01
3.720811746011964960e-01
1.042291169091889014e-01
3.784769300768510147e-01
7.662682664870883453e-01
8.568736140435342374e-01
7.062101745876026015e-01
