7.176630220415747274e-02
9.700003149246418932e-01
2.686765716968702034e-01
-3.596813619324601419e-02
9.883743118512113845e-01
3.292926950548313858e-01
-5.205601356803075674e-01
-7.803263929403347898e-01
9.286090845631693735e-01
-7.385776868453324262e-01
-2.242934215846537072e-03
-1.524557538831077252e-01
7.096522511354745877e-01
7.159168527056158915e-01
3.090466097584587679e-02
-1.754194836204538976e-01
-6.682819237070947160e-01
6.332762029512160051e-01
-3.752716472357366939e-01
-9.287451017693717503e-01
-8.155527163539884050e-01
3.289050432526854362e-01
-6.556276693982234782e-01
3.468315002798001423e-01
3.252760422132097151e-01
8.547036047761658040e-02
2.440119941234981660e-01
-9.844674353942621803e-01
-2.420827325355163762e-01
6.047150499288485026e-01
-9.272199242276513154e-02
6.786685814790311966e-01
7.471769471113836047e-01
3.908461728111478628e-01
5.472979361129195475e-01
-5.660930993877686390e-01
9.185542410095082211e-02
7.882589659129841664e-01
1.228676607599803461e-01
9.027701954759095315e-01
-8.308016019626776050e-01
-2.545478375242566926e-01
9.541694528085780114e-01
-9.007428383777555947e-01
9.049595381177177877e-01
4.242935435078409867e-02
9.202194982612523777e-01
1.631490668128265931e-02
5.783774029790400562e-02
-7.726623403572616677e-01
-3.101452976642358195e-01
2.109296570852725594e-02
6.785309279391367188e-01
2.722824895427646830e-01
1.910970829888944955e-01
-6.397140241219716472e-01
4.726840555232125762e-01
1.908473653273297099e-01
7.555697651343167287e-01
-6.430503911826686014e-01
3.269510202529533061e-01
2.560541888124689969e-01
-9.038563842358828815e-01
9.358896014055737567e-01
4.643749930791587488e-01
-6.500626844242838320e-01
2.438200059817565712e-01
-7.414857570646973262e-01
4.716139025566887799e-01
8.022658194069323123e-01
-8.143632186669740314e-01
-2.274803808839627184e-01
-8.787151963031205604e-01
-2.029936200980453354e-01
7.139144442873579521e-01
1.899448862807224803e-01
1.642652080105515555e-01
1.051673245580682092e-01
-6.402911455530098106e-01
5.076364099412984388e-01
-3.724888316723282689e-01
-9.094273084133668306e-01
5.692568531960828793e-01
5.712524836744381496e-01
5.395052842813885530e-01
-1.304682253593925090e-02
-9.155022654246725011e-02
-1.684649370419555314e-01
-7.229027488326087436e-01
-2.628031816963294354e-01
-3.351842831834206393e-02
6.560112718980803947e-02
2.567195480124018214e-01
-9.066226397933785375e-01
7.279056373069452412e-01
8.022757450430513249e-01
-9.320069348809352228e-01
9.243258428092255841e-01
3.740756309932580237e-02
2.755856665582172571e-01
3.138502429229390600e-01
-9.151573193606559187e-01
3.246037587173866701e-01
-1.417958434661112932e-01
-5.072316838008927853e-02
-1.382733455582265680e-01
-6.596668414703741323e-01
-2.015875438019580912e-01
-8.393396936723984680e-02
-6.322461034505533206e-02
-6.510186119490313228e-01
1.103820088201332705e-01
-8.796733430104894946e-01
9.874665578757506612e-01
1.756663147549373249e-01
-4.601834337491121918e-01
7.257654974667049341e-01
-2.162625401081061938e-01
-5.815007604670061614e-01
-3.197915974273477513e-01
-7.230639021462514915e-01
-4.429334244493678963e-01
-1.829513768517043726e-01
-9.183833646229992986e-01
-9.688346838357499990e-01
2.430226476664973934e-01
8.633895757153589035e-01
-7.667755996805254437e-01
6.186948623770540667e-01
5.055045105286448681e-02
-1.699459724634104774e-01
2.406757616646988396e-01
-9.978943175893204565e-01
-5.286934351805965271e-01
9.777898763418568784e-01
8.198090780920106457e-01
1.615940590223918782e-01
4.781278492125440316e-01
1.794310086697863404e-01
-6.340105795223400786e-01
-1.602860491314439528e-02
-8.381606501044760460e-01
-8.300278431669663171e-01
7.725678877306132453e-01
-2.658645748706387479e-01
-3.376175800418146355e-01
-7.844479112632434248e-01
-7.817362590246537124e-01
8.139774588728301286e-01
-1.955382485594685527e-01
1.593426611290529316e-01
-9.797392196011469601e-01
1.610153491183075047e-02
3.004529133914644046e-01
-7.336081852190354802e-01
2.622081052050024841e-01
-9.333395983097390047e-01
6.459622005495544439e-01
-9.359623317209624371e-01
1.397408946571665478e-01
7.538593574709213652e-01
-5.771848882638332956e-01
7.864450300842211750e-01
5.662740067247382658e-01
-1.688595259217882116e-01
7.132175190264868903e-01
8.703027106537626345e-01
2.152913414826731486e-01
-9.995901857992794959e-01
-5.307197556350720102e-01
-5.642712867927930365e-01
5.591585958742932849e-01
-5.976802188796970228e-02
9.064038706373864773e-01
-2.226578717350520265e-01
7.674859997422605051e-01
-6.637980931031939313e-02
9.222966521842601573e-01
6.299794502029425480e-01
4.881190746346446563e-01
-8.870947182611963466e-01
-2.859409068909601892e-02
-9.622066426650190962e-01
-9.440634667182947748e-01
7.188248573598179370e-01
2.583428140756409697e-01
1.108173201499058624e-01
-8.526961825768462067e-01
-3.861316866209916210e-01
1.182173440153861943e-01
-5.970286390111656516e-02
-4.715288116927476292e-01
-4.913171319623008682e-01
-4.662432980055162268e-01
8.336774761504499587e-01
-3.530949609589593141e-01
1.576349464416548773e-01
5.441356457538253366e-01
-4.445976407116485341e-01
5.486713127402069734e-01
2.556241215807466549e-01
1.303705950738385244e-01
-8.708604358180089822e-01
9.646267843974085654e-01
-9.131750220674463847e-01
-8.169506786875118109e-01
-7.676818672250276254e-01
5.763724901395095301e-01
4.415731663935811291e-01
-4.377354745866082197e-01
-8.332917186436494816e-01
-8.712673396292203165e-01
1.786102790752361891e-01
2.408652226457228540e-01
-9.426706588610267445e-02
1.909731300110057983e-01
-3.856396950141876001e-01
-1.891743031887203053e-01
4.284581920666858945e-01
-8.682817719621527264e-01
3.859317302849718523e-02
5.889384270057482773e-01
-5.911756854032659270e-01
-3.834752679450272872e-01
-7.486371925146282358e-01
-5.684119208157212277e-01
7.195399793733672222e-01
9.224257388584291562e-01
1.517242055849741256e-01
1.032856837461926247e-02
-6.306076769265436255e-01
-8.124736355428041623e-01
3.292937395774742093e-02
7.827031360038918528e-01
1.692687194082469482e-01
6.095329691456052856e-02
3.845798503498401022e-01
5.231375577224648410e-01
-5.591361622177113411e-01
5.786932571858329766e-01
-9.056889216905958939e-01
7.765453148815535389e-01
-3.500014807118516647e-01
9.188676124822652280e-01
4.601549820065968799e-01
7.300555040267919793e-02
8.846576177315623735e-01
-8.534383955503315189e-01
-5.833067731403567269e-01
-2.811864775569250519e-02
-1.003406332305500914e-01
5.282792543184111622e-01
3.311626079339349271e-01
2.999813373340931566e-01
4.951304013427000328e-01
7.674359307501130711e-01
5.871640742240336053e-02
8.135794950533945524e-01
2.791552836095054779e-01
-6.098006461178711035e-01
2.465119015829970728e-01
-9.385636895191384887e-01
5.568530063503951411e-02
-6.900466803683833472e-01
6.403740205977093147e-02
