9.617939169910160180e-01
-6.451724666048541668e-01
-6.281484627205144999e-01
6.013538647664586900e-01
-2.648008965456771779e-01
2.593870035486626202e-01
-1.000000000000000000e+00
1.000000000000000000e+00
1.000000000000000000e+00
6.268143171582316597e-01
8.008728043072321778e-02
-7.478611063266957792e-01
-2.229433169690882843e-01
8.073010408777985258e-01
1.741341120784194452e-01
-5.568011505342309597e-01
8.883089672651377500e-01
-6.523968459007967180e-01
7.631141307838865684e-01
1.000000000000000000e+00
2.008310217461711789e-02
1.555307714496445559e-01
-8.188195314559856830e-02
-3.511927006798312156e-01
1.000000000000000000e+00
6.320324384044047061e-01
8.185080385236827016e-01
1.193378272532670259e-01
9.937523715026664872e-01
-9.158761548226828086e-01
-1.000000000000000000e+00
8.128250316972288614e-01
1.000000000000000000e+00
1.000000000000000000e+00
4.832181715152008561e-01
-5.402129481381727771e-01
5.287725661484182771e-01
5.686161081800331640e-01
7.601056310028111440e-01
1.000000000000000000e+00
6.355095684339160389e-01
2.298969389083513892e-01
-4.509871274414058995e-01
-8.734415147793066492e-01
-1.000000000000000000e+00
-5.733732115086612735e-01
-6.488256831442829053e-03
-7.934801136199025606e-01
-9.042451113864738987e-01
-1.000000000000000000e+00
-1.000000000000000000e+00
-1.000000000000000000e+00
-4.641537407693943629e-01
-2.550286121101736914e-01
8.459894084630070754e-01
1.464190352933389949e-01
-1.000000000000000000e+00
-3.178353104246773309e-01
-4.237737162888298714e-01
-1.000000000000000000e+00
-4.510642761194644246e-01
7.147483926341628990e-01
-2.099789108036468344e-01
2.916077051725339819e-01
-7.370958451991527216e-01
2.084171472584666063e-01
3.324304993328264235e-01
7.755792867804345292e-02
-1.000000000000000000e+00
8.199450972651056713e-02
5.995120385177615807e-01
3.796503576308385419e-02
9.944739474684504144e-01
-3.483938878534783012e-01
8.649235559454479527e-02
1.000000000000000000e+00
-9.403777221759865856e-01
-8.015585663180320175e-01
-1.000000000000000000e+00
-7.716418242154726714e-01
-4.191102968673607876e-01
1.545178319001436762e-01
-1.985702137777735909e-01
6.611400295323707210e-01
2.791882049333116456e-03
4.058373695670598469e-01
1.899745045010248212e-01
-6.886006241184325916e-01
7.112427258724651757e-02
4.418061608755310399e-01
-3.602677249364460987e-01
6.572477953036540699e-01
-1.741732113013464145e-01
1.776825165862058187e-01
-1.000000000000000000e+00
5.735070727800333223e-01
-4.547394395282792212e-01
1.000000000000000000e+00
6.175893399426111152e-01
-2.167230093005576563e-01
1.000000000000000000e+00
-7.816495142336502555e-01
1.000000000000000000e+00
-6.146419566116039235e-01
2.169204541152166266e-01
5.950591556817408367e-01
-9.650919177149609451e-01
-1.000000000000000000e+00
-4.259921781074239577e-01
-3.934370550637557029e-01
-2.523312939366527674e-01
-7.334403459249585477e-01
1.000000000000000000e+00
1.277791691823091380e-01
6.730784389966061321e-01
-6.178440095172490487e-01
6.616163417151006421e-01
-9.798266791124243813e-01
-3.540789870826898111e-01
-3.833308071816089457e-01
9.628195494285074485e-02
-1.000000000000000000e+00
4.824068945737058911e-01
-7.439014375817494251e-01
-3.696456247624404501e-01
3.565268188226398127e-01
2.366018118346767951e-01
-1.000000000000000000e+00
1.000000000000000000e+00
5.763411464604561996e-01
-1.290284495388624442e-01
-2.406340157799688462e-01
-3.327978803373897732e-01
-9.770221928046320947e-01
3.415283683870716791e-01
-4.394680758669031739e-01
-2.785805886692360733e-01
4.107654704030069270e-01
5.058375003475410470e-01
9.464078388831562716e-01
5.552174046578024491e-01
4.421231375317373757e-01
-2.232169330428468434e-03
-7.557186141320499928e-01
-1.709359118512776554e-02
-1.958288682679266701e-01
7.005221067364663101e-01
7.195567084797399593e-01
-3.248195444952106659e-01
2.745898342732405184e-01
1.360538330937235418e-01
-8.335111447610593638e-01
-1.000000000000000000e+00
-7.941796164938168534e-01
-6.866250622299352457e-01
-9.318946662725916541e-01
3.417576441663187081e-01
-5.193184631490976866e-01
-1.000000000000000000e+00
1.344859654967198725e-01
1.000000000000000000e+00
8.828279660407704066e-01
2.360801983846659846e-01
-7.693610027722201927e-01
4.096483363645730263e-02
3.115609449815647802e-01
3.466769936321221213e-01
5.066243660301941731e-02
-1.286835193659479903e-01
1.792042463534294361e-01
9.982210161856068797e-01
1.000000000000000000e+00
3.213612838127956062e-01
5.231479678303495584e-01
-6.969723213901297676e-01
-1.986182826601602391e-01
-1.000000000000000000e+00
-1.000000000000000000e+00
1.000000000000000000e+00
5.731199627285984421e-01
-6.375772886051872534e-02
4.127859768425556908e-03
5.528166746969244150e-01
-1.014402184763046888e-01
3.766186883809102826e-01
-5.815940585702508159e-01
7.729158511704169454e-01
-8.568961279645068707e-01
-7.227605912025198975e-01
1.000000000000000000e+00
7.886917826546711030e-01
1.134320015265883330e-01
-7.056994589777260130e-02
3.412880772012693020e-01
2.270299980032922660e-01
-6.192946022920352567e-01
8.786062713538207447e-01
-7.796503855326049059e-01
-1.000000000000000000e+00
5.953591751223319406e-01
-1.000000000000000000e+00
-7.321300811573772105e-01
1.000000000000000000e+00
3.301004680485082332e-01
-6.627086672739812556e-03
2.143934524003609510e-01
-1.598947568915805306e-01
2.915361459906192776e-01
-2.856319068940045280e-01
-1.000000000000000000e+00
-1.000000000000000000e+00
-1.000000000000000000e+00
1.000000000000000000e+00
6.885711529043461177e-01
9.301451245324210415e-02
-6.957966414269094457e-01
4.044440474338779068e-01
6.331157102486169030e-01
3.892077652000861532e-01
4.425962380934040374e-01
-1.000000000000000000e+00
-4.097682107831243092e-01
1.000000000000000000e+00
1.000000000000000000e+00
-1.000000000000000000e+00
-2.422430481018278958e-01
4.321634640229916613e-01
7.326144184889686883e-01
-4.328251035491512133e-02
-8.078791163649740037e-01
-2.896815493793018503e-01
-1.000000000000000000e+00
-6.975310280104740634e-01
1.000000000000000000e+00
1.412145245842251762e-01
-1.499318983045765385e-01
-9.502446151103740579e-01
-7.522066945640071278e-01
1.000000000000000000e+00
-5.488637728222067746e-01
-7.725023584204079308e-01
6.823352918827336744e-01
-9.796909634110961829e-02
4.310023123758080499e-01
1.590986104195792894e-01
-1.000000000000000000e+00
-1.000000000000000000e+00
1.859302759081808976e-01
-3.339865598952591608e-01
1.000000000000000000e+00
-8.297059339245146936e-02
1.000000000000000000e+00
1.000000000000000000e+00
-4.398804921035218141e-01
1.225293607933387596e-01
-8.883506120944666407e-01
6.873263251491277259e-01
-4.918772606525703139e-01
1.641150805937532375e-01
-1.000000000000000000e+00
4.672088244027108317e-01
-1.746970316026807413e-01
9.746675060352092412e-01
8.431550406337311454e-01
5.779073891515486006e-01
