-8.682372446177020198e-01
-7.475738391861529442e-01
-3.418493002688500759e-01
-1.972436256555116785e-01
-2.662739782911973663e-01
-9.806258188147753962e-01
-2.508809135834700887e-01
6.592939819102574539e-01
-1.161325673897468658e-01
7.621514198676442309e-01
-2.992375042667325680e-01
5.558385573546887892e-01
-3.634838609857917180e-01
1.949924400740590258e-01
-3.248245052042697534e-02
8.181436889798431311e-01
-1.000000000000000000e+00
9.198121776809935479e-01
-1.748365280313961545e-01
-6.245244668792261367e-01
-2.239043290775615258e-01
9.153083466901470455e-01
1.154378741189586166e-01
2.561446731965189016e-01
3.782971912281813953e-01
-1.000000000000000000e+00
1.612038361574248402e-01
-7.364797434289281908e-01
-9.548150063739927473e-01
2.316063825517666874e-01
-6.532332902159437849e-01
-1.000000000000000000e+00
-7.460903433223731174e-02
9.925006678829426665e-01
2.491756795608838226e-01
-1.000000000000000000e+00
4.925902176960890722e-01
-1.000000000000000000e+00
4.363129990936573943e-01
7.476833832890649179e-01
1.000000000000000000e+00
-1.000000000000000000e+00
1.000000000000000000e+00
2.610853136373943173e-02
3.329870109108757914e-01
-4.332011963464404980e-01
-4.030721689483580672e-01
-6.149959400884377203e-01
2.115106077151440722e-01
1.000000000000000000e+00
7.141753236692899298e-02
1.000000000000000000e+00
1.000000000000000000e+00
5.508639295673660730e-01
1.000000000000000000e+00
3.809865234231544218e-01
-8.161873951684435191e-01
4.870167786468977411e-01
7.664125422153109657e-01
-1.000000000000000000e+00
6.809712432100913926e-01
-1.794497276525269247e-01
-3.632483504135928243e-01
1.000000000000000000e+00
-8.857807422079566617e-01
-7.003433121380409077e-01
-4.691311547006891125e-01
8.033658865857566944e-01
4.270776957054911449e-03
-2.884904749900132348e-01
-6.816270287823140706e-01
7.833084926605085041e-01
8.798573411021093360e-01
1.362319587430751988e-01
-1.000000000000000000e+00
-8.781867021160087994e-01
-1.126911802388044226e-01
-1.000000000000000000e+00
7.779685564484108973e-01
6.817467482074028862e-01
-1.399459704850867237e-01
-1.073177538676017839e-01
-6.051504643048981613e-01
-1.000000000000000000e+00
-4.831293009545538641e-01
6.089673070147256784e-01
1.000000000000000000e+00
-5.486884817451731511e-02
-2.423873910374623186e-01
-5.751519948896524070e-01
2.871967788141895905e-01
1.559761102829053669e-01
-8.608990590909539886e-01
-3.109241326284502005e-01
5.863168608244657687e-01
1.000000000000000000e+00
-7.159327832987960605e-02
7.500811567662726276e-01
6.180377305998883131e-01
1.000000000000000000e+00
7.212922604791910386e-01
-5.532292375553637953e-01
6.563983720123258703e-01
-4.967171848317117888e-01
9.505251987560725535e-01
6.658985860740802565e-01
-6.915267623873093683e-01
-1.000000000000000000e+00
1.055663833259774531e-01
-9.448104310546567852e-01
-1.000000000000000000e+00
-8.031726746395315697e-01
-1.000000000000000000e+00
-4.775263229927041997e-01
-6.437065136833997059e-01
-1.000000000000000000e+00
7.935731198936206710e-01
-3.568729771417575858e-01
3.219018479648287911e-01
9.415270789121693573e-02
1.000000000000000000e+00
-2.422731144712750306e-01
8.347896704561732495e-01
-9.006819084040442736e-01
-3.354066726034030665e-01
9.793906611859664046e-01
-6.064882476912398790e-01
8.001247049415354251e-01
7.811896393836252894e-01
-7.033137398637632209e-01
9.527245763639211606e-01
3.041679855513084174e-01
7.803626447015472589e-01
8.568932982279584554e-01
-3.421957954458708373e-02
7.534046113691177382e-01
8.091243703984957181e-01
9.334862897224405209e-01
-1.000000000000000000e+00
-2.231049394130848462e-01
-4.836606996764858390e-01
9.014788518662872896e-01
-4.981516260679326180e-01
-9.460670759230443982e-01
-5.876789706110689959e-01
-9.350617644093728309e-01
2.864593228545131431e-01
3.080650964658844249e-01
1.000000000000000000e+00
2.143929210474877500e-01
-5.258203926188576016e-01
5.772638907834573008e-01
-9.714259355406111851e-01
7.726592425972702571e-01
1.781828918204585444e-01
4.523973759059098931e-01
6.372020496932839784e-02
5.226598093348479024e-01
-2.349012639940883940e-01
6.705616813749770699e-02
-7.561717753098269323e-01
-8.318204126248585073e-01
-9.896292993302697738e-01
1.000000000000000000e+00
8.707829650788021514e-01
3.024308379969867788e-01
1.624970823025701505e-01
1.000000000000000000e+00
9.457198714148780105e-01
9.466154570304552429e-02
8.463509045855017732e-01
-2.705605116160245127e-01
5.329346232711858200e-02
3.450157834967915171e-01
9.610660538391306851e-01
-6.268988338134640070e-01
-8.292631922105722087e-01
-1.458576953183410296e-03
-1.403719500403421971e-02
-1.000000000000000000e+00
-1.000000000000000000e+00
1.000000000000000000e+00
7.646554575899955353e-01
9.727502637469727098e-01
-5.594968383267101553e-01
6.667175851155626720e-01
4.768934197306151646e-02
-8.554287590505957883e-01
8.011696518245431387e-01
-5.989845972373126770e-01
1.000000000000000000e+00
-3.875981532457315470e-01
8.410279973944266851e-01
-8.628998405157857210e-01
-1.000000000000000000e+00
7.792493086092886490e-01
-3.200068147321093459e-01
-3.909321318692721148e-02
-9.698609165580669433e-01
-1.000000000000000000e+00
7.707337934978459870e-01
5.300493726191735089e-02
1.000000000000000000e+00
-4.740138954717086350e-01
1.767571668893663794e-01
-6.415486747627787700e-01
-9.086295356543494517e-01
7.901578253250669537e-01
1.000000000000000000e+00
6.558907010403139948e-01
5.164527699682963657e-02
-1.713783447914696279e-01
9.899325894886108479e-01
-8.037016038185650357e-01
-1.557169031499982537e-01
-3.981115765530665040e-01
-5.065467673490916534e-01
6.463910021126604288e-01
6.207999199934426393e-01
4.845722353111934222e-01
6.700123646971067881e-01
-9.453700270886434831e-01
-1.000000000000000000e+00
-6.835930560804419631e-01
-9.242101564288460747e-01
1.000000000000000000e+00
5.346952705099522474e-01
-1.000000000000000000e+00
5.374049452715908837e-01
-7.935848829299050333e-01
8.554951249441317129e-02
2.345900907869891139e-02
7.004127204814870611e-01
-4.583030887708039458e-02
2.218722801706902725e-01
-2.758570190395909782e-01
-1.397745166751444001e-01
1.746972501105159559e-01
4.834101556856447157e-01
-4.314525453452433545e-02
1.220541295904464252e-01
-6.198119309380523134e-03
5.868753910104387295e-01
1.000000000000000000e+00
4.646163105243556468e-01
8.838800305646852262e-01
6.462107955306515272e-01
-1.000000000000000000e+00
-1.962431490923268740e-01
2.143090679131411935e-01
-2.801888676583730309e-01
7.022602757894221837e-01
-1.000000000000000000e+00
5.544547669497904563e-01
-4.740949474173442035e-02
-8.440713452137151851e-01
-7.724094818201986401e-01
1.000000000000000000e+00
6.237460660446085825e-01
7.856448367523183318e-01
-5.992503696385185208e-01
-2.198828846082026001e-01
8.098527784627647108e-01
5.826045161168535991e-01
-2.946246969991643816e-01
