6.344851847405976741e-01
4.991377712433462399e-01
6.202110054334584177e-01
-1.911043205721652538e-01
4.278690492880660723e-01
2.432735226573443654e-01
4.107881454955785161e-01
-4.860671105266797243e-01
-1.468923550307262849e-01
6.376857008508955982e-01
2.999470691575075176e-01
-5.666283866577163097e-01
1.821273851700948021e-01
2.735291237123069763e-01
1.000000000000000000e+00
-2.424809568248181141e-03
1.425384348899637332e-01
3.892559365737031096e-01
3.556588917194795085e-01
3.383244266600728967e-01
-7.490854478187110310e-02
-2.302060080822888044e-01
1.000000000000000000e+00
1.040769516721831434e-01
-3.394966019762454268e-01
-8.714757664684547045e-01
-1.404302628921133556e-02
8.476069067732763251e-01
-1.535117758913761843e-01
5.228538673871729880e-01
6.214986555866330864e-01
-3.781657539007055036e-02
-3.502605928312967909e-01
-5.361252651158447957e-01
7.356806267278324096e-01
-7.467681660295865109e-01
-3.134423961958928140e-01
1.176677080836097400e-01
-2.055211397907005799e-01
-1.000000000000000000e+00
2.292545877505929031e-01
-1.450156375090270733e-01
-2.928634743528376050e-01
-1.588404912986846607e-01
9.120305862501318916e-01
-1.000000000000000000e+00
5.779530022212513440e-01
2.409101146015502071e-01
8.872770282013976439e-01
8.407674949696046784e-01
1.712158044559548148e-02
5.827328024798976713e-01
7.573423325981394616e-02
-1.052800582721726275e-01
3.427010063551513830e-02
-6.023713293280983372e-01
5.279636891083595573e-01
-2.834350134134533405e-01
7.173197209500825622e-01
1.000000000000000000e+00
-1.988545824395260009e-01
-4.255042047896403501e-01
5.451808077084677739e-01
-2.294906952304305303e-01
-3.256557324211506455e-02
2.082348843222333462e-02
-7.140398180522358196e-01
-4.852181787742910757e-01
8.561091337921118427e-01
-5.602509783379112651e-01
5.579201474713850750e-01
-6.288259735924801586e-01
1.000000000000000000e+00
3.446418536067832883e-01
2.090052134956844054e-01
-1.983346370737744113e-01
9.254242878884992862e-01
6.211190985681611654e-01
1.703103303253384049e-01
9.286400133993878425e-01
2.745789624592240297e-01
2.011337675993789820e-01
3.786291980475838814e-01
-3.204329021455512572e-01
-4.064384047691822766e-02
7.094549012025632706e-01
5.481033360094308415e-01
-2.495819645534262388e-01
2.912471352380435752e-01
4.664808807303095772e-01
-7.258860356127766478e-01
7.175362154146441851e-02
-7.093855728164327745e-02
3.615188552739905803e-01
2.842305150043502593e-01
-1.588104433759690293e-01
-3.835749157653141062e-01
1.668973572931173877e-01
-4.946082744965800693e-01
-1.778512262900925622e-01
3.880864438197618171e-01
1.000005304962229280e-01
4.084551469304845694e-01
-7.989024776705861974e-01
1.000000000000000000e+00
-2.667390110909296785e-01
1.301421643223725777e-01
3.229410449437831732e-01
-7.087844853005180745e-01
-6.087762435638979786e-03
3.117655807532578316e-01
4.481755969230460240e-02
2.409905191857437401e-01
-1.965566215194074207e-01
-2.701569303745809947e-01
9.005659005390481697e-01
1.969407216935848970e-01
4.053046031226211765e-01
4.482383891185114377e-01
1.650541349768370469e-01
2.500231709276741210e-01
-3.204225387352014898e-01
3.265033888655866079e-02
1.667087409725897529e-01
6.286158186323096420e-01
7.493947162200678136e-01
-4.323379825650124908e-01
2.499398995839270943e-01
-8.976775745405010110e-01
-4.429054328966509635e-01
5.325788443182487564e-01
1.157628020553135573e-01
-3.068074091899238715e-02
-3.064131273058247618e-01
4.776640461688394512e-01
-2.168597220961990812e-01
-5.332152408979863312e-01
5.760269047144549459e-01
5.780735934376197704e-01
8.000995454052687306e-01
9.025480304436900303e-02
3.733442953812108334e-01
-1.953972904715250425e-01
3.692617440769981885e-01
6.738052104998465408e-01
4.764275702302561699e-01
5.294251741294740965e-01
-2.894727193554416100e-01
-2.435728275112724606e-01
3.374699854627641327e-01
-2.710218767707586185e-01
-7.419038745807386981e-01
5.167825267040473403e-01
-2.654267406298560505e-01
-2.060169588698621268e-01
9.057348234524545960e-01
1.224455519100555029e-01
-2.853892181394590555e-01
-2.183884983814179948e-01
7.045552911638086613e-01
6.584579659287332909e-01
7.938538815412585770e-01
4.124545285840016673e-01
-3.610171143341949218e-01
-1.199449516378283259e-01
-3.355851256888529588e-01
1.272486329011257578e-01
3.929075869951504374e-01
6.979042223224274366e-01
-3.205465249381659332e-01
2.929862495304259573e-01
3.776960443105183973e-01
3.189348678303365325e-01
1.420946876711767226e-01
-9.080887363976206661e-01
-4.917194344875613909e-01
1.500913358195683500e-01
-3.371893742161726215e-01
-6.030283585847263650e-01
3.655873718054246657e-01
5.266384154453558342e-01
5.632538479533766296e-01
4.545530235504861571e-01
-4.276306154937662973e-01
-8.347588341001082046e-01
-2.171071726141431471e-02
3.047972492755923746e-01
-3.370462029370062118e-01
2.345145291442373714e-01
-1.941564525969099453e-01
2.517518981876396555e-01
1.850144008140980345e-01
3.987101154673370895e-01
-2.288528650083502813e-01
-1.165537874871929447e-01
3.574127779426512497e-01
2.049921558333589466e-01
-7.639776997181155771e-01
-4.834517047100205800e-01
-3.328876794540504558e-01
-2.203473650682352680e-01
5.285194848799416034e-01
1.594555745359481636e-01
-5.342987368128682135e-01
-4.220414078319779244e-02
-2.285708496338401119e-01
1.632208035584182815e-01
4.910164292200200342e-01
-9.372742219213348047e-01
-3.702831850843131267e-01
-9.253474308911775470e-01
-6.242455861764162339e-01
5.204207016114137385e-01
6.223672046440227312e-01
1.368927812244324915e-01
-5.920365422638019792e-01
-5.036785667678242429e-02
-5.676792569140952649e-01
1.874992640402340927e-01
7.587581981049895674e-02
4.057869496034953727e-01
1.228943527152101881e-02
-7.714275730228870032e-01
5.669154045869273517e-02
6.908258934858231282e-01
-2.196334411374515072e-01
8.776189808807299819e-01
3.124327944949757407e-01
3.797453184056752695e-01
1.818833086681247990e-01
-1.576711476877727114e-01
3.154539979545088052e-02
-4.262580274997407881e-01
2.260927964179678673e-01
-6.323489948295530905e-01
-7.073948071090748746e-01
-6.943145988091979914e-01
7.303908070449998124e-01
9.786143689594084538e-01
-2.077313318126994823e-01
-1.932400235877486105e-01
-5.246066980705494931e-01
-4.680724683349989090e-02
7.999478244218309886e-01
1.000000000000000000e+00
-5.090870460813544662e-01
-2.757655861156967925e-01
6.927247346891604596e-02
1.000000000000000000e+00
-3.255217745511914673e-01
-1.924082014413290576e-01
-3.804371530744829477e-01
-1.331402955264854859e-01
-4.878622234019523440e-01
-6.646859981111595816e-01
-1.949987651581840398e-01
4.521886540361349516e-01
5.947413341771767836e-01
8.182637678136037152e-02
-2.391768296891060297e-01
-1.925558480755302782e-01
6.925624459351672479e-01
4.829599969205246035e-01
5.689175724246041677e-01
-2.311810464642591323e-01
