1.961990802782500598e-01
-1.975035416969683766e-02
-2.805834305941723450e-01
5.707636688034947170e-01
-8.595854457077570787e-01
1.000000000000000000e+00
1.000000000000000000e+00
1.000000000000000000e+00
8.093399160385424951e-01
-4.236288111004828938e-01
-6.076864387996081529e-01
6.977515275494912128e-01
-7.895571096069546879e-01
-5.585222267582613809e-02
3.684037525024834725e-01
1.000000000000000000e+00
1.000000000000000000e+00
-1.000000000000000000e+00
-3.236511256590575702e-01
-7.924791436499485364e-01
7.423996807527983854e-01
-9.931827567354303277e-01
8.653265909849066073e-01
2.186602489948838990e-01
3.699288651272270023e-02
-5.846665500136585258e-01
-5.520216078597166565e-01
4.489085418642944081e-01
3.146951592456275204e-01
1.000000000000000000e+00
9.919465402682068333e-01
8.397861805137021296e-01
1.064690240818816358e-01
5.693663349203572643e-01
-5.097659736099935390e-01
-9.514322535487990118e-01
1.723957087649779785e-01
1.426884322525668325e-01
-1.105870834807698433e-01
1.000000000000000000e+00
-1.945336353983337929e-01
1.000000000000000000e+00
-5.419364002884325959e-01
-7.029619896878003260e-02
6.805493950697264482e-01
5.174905202306772090e-01
-1.266924887216403506e-01
9.429572235177652306e-02
-8.885852080632785643e-01
-6.629339653765868867e-01
6.406244295257275123e-01
4.282768096525513268e-01
6.273220583874743461e-01
6.990510806076225547e-01
-1.000000000000000000e+00
-9.787918481849429142e-01
4.461217422059155502e-01
-9.957608814623551963e-01
5.136482936786538334e-01
-1.000000000000000000e+00
3.601701137606834746e-01
4.183019599805077871e-01
4.895802044423300248e-01
-4.750706233621138086e-01
-9.475745274229325776e-01
-1.786774324265085756e-01
1.000000000000000000e+00
-2.749680638526297294e-01
-3.515633189744972187e-01
-1.000000000000000000e+00
-7.034935648457728563e-01
8.553437562730768773e-02
2.067267018141388801e-01
2.777922102161575757e-01
9.347295718562220745e-02
-2.868070627194560518e-01
-5.344966060758975512e-01
-1.976490415632584097e-01
1.432648663468116534e-01
-3.257066997667227293e-01
-8.468432963566566718e-01
-6.644957582675490304e-01
-6.908396778111350889e-01
5.807516908948100465e-01
-2.043459525452245851e-01
-5.317190747941444862e-01
-3.541082402437178978e-02
-8.334564712790610841e-01
8.185533612148785387e-01
-1.000000000000000000e+00
4.248930780697158238e-01
-8.222201734359425862e-02
-3.706364797154798607e-02
-3.566084021118174352e-01
6.841732342641611009e-01
-1.000000000000000000e+00
1.293252926599081643e-01
-1.000000000000000000e+00
5.226084549853053929e-01
-1.000000000000000000e+00
-1.000000000000000000e+00
-7.272925224090222018e-01
3.793404180494157618e-01
-1.000000000000000000e+00
5.484205046688803709e-01
-9.793944341291244138e-01
-3.646630316166843411e-01
3.030916177543342416e-01
3.828435884230922959e-01
-3.126431594241372292e-01
5.220135324928429355e-02
4.358620913597425206e-01
4.122418493595918498e-01
-2.147877680749926133e-01
-2.354134994332828523e-01
1.201916457237149904e-01
7.484228182369643267e-01
-5.307193770778237951e-01
-1.145596171886784087e-02
9.263861096088226166e-01
4.842410273786484920e-03
6.666158712529994812e-01
-1.000000000000000000e+00
-7.911027109146593350e-01
4.046641069905188015e-01
-1.000000000000000000e+00
-7.961932903313853060e-01
1.000000000000000000e+00
-1.000000000000000000e+00
-6.293256714006202346e-01
1.000000000000000000e+00
-9.173831425657230643e-01
-2.692763043946166945e-03
8.948275136274621566e-01
3.208524467153046622e-01
-4.020319642103207247e-01
3.480462852930954476e-01
-6.124595797596913416e-01
-4.457592459537592644e-01
-1.231228141067763904e-01
-4.451406983922190364e-01
1.891521167270177051e-01
9.428029670136934826e-01
-8.174437591820539195e-01
-9.887276124852742987e-01
7.194483461366335542e-01
-8.199250867729346304e-02
2.261472096637624496e-01
9.851014691173634041e-01
-9.978889577596550264e-01
6.460749266419949510e-01
-3.968219184444299330e-02
-9.839283902654689662e-01
-9.301252626846049365e-01
-2.087102722413536338e-02
-5.029126819827851591e-01
-2.747702336260567924e-01
-3.073802305813658764e-01
-6.236404876169443501e-01
1.000000000000000000e+00
-1.722333660288829227e-01
-3.423647626871726413e-01
-8.009156492299496222e-03
6.894848711475825009e-01
9.442371105165985323e-01
9.693720782240600187e-02
3.270582305522610200e-01
7.149476867493687049e-01
7.949900377785570349e-01
9.243542920199058210e-01
-8.233818488915800593e-01
6.169696382168331494e-01
-1.000000000000000000e+00
-9.363933892039169038e-01
1.000000000000000000e+00
-5.894863284928923974e-01
3.173031380910222854e-01
6.751652248794202116e-01
-4.614367487577359928e-01
-3.532713053284908256e-02
3.571341049384886279e-01
-2.209607095884054129e-01
3.479941653164586590e-02
-2.802769827067863595e-02
9.125923437561362928e-01
-6.023168371261105047e-01
1.000000000000000000e+00
1.448831128446326222e-02
-6.898828036581490242e-01
-8.120844263190365453e-01
2.998259911078552387e-01
-7.186636669744665973e-01
5.391396011654248088e-01
-5.737274572432794484e-01
-6.543912171080312756e-01
-6.855602971927956535e-01
-6.971274276940364611e-01
8.496332281156315780e-02
5.995429078055212191e-01
6.309713007040413935e-01
-4.628286063991897681e-01
2.474962305771936100e-01
-2.304964423757522862e-01
1.955145401389067894e-01
4.360415308375344967e-01
-1.000000000000000000e+00
-1.000000000000000000e+00
6.178014479750332244e-02
8.219358566556259627e-01
-1.000000000000000000e+00
6.147289972042919715e-01
-6.675457506313167144e-01
1.382799392894807911e-01
-1.024337905412191496e-01
8.573465699661351191e-01
-6.633906633958545074e-01
-1.923143788742111004e-01
1.000000000000000000e+00
4.657277165824701970e-01
-9.777345133064059279e-01
2.201963632309456020e-02
9.974324443920818961e-01
2.527392849622533966e-01
2.853976281499508438e-01
1.000000000000000000e+00
5.871495755904164726e-01
-4.684219349434946000e-01
3.876189621315264122e-01
5.778962435239971551e-01
-4.219933590054432138e-01
-1.000000000000000000e+00
1.664837419718634415e-02
3.823686550654004090e-01
-8.454641511730232040e-01
-6.030736449871022531e-01
-3.055408260930531084e-02
-1.000000000000000000e+00
4.988637409320182403e-01
1.000000000000000000e+00
-3.536226385066055800e-01
1.000000000000000000e+00
-4.468046923319157759e-02
-6.916279365521849076e-02
-1.085386352854837283e-01
2.086012642401231520e-01
2.940032906996294937e-01
-1.000000000000000000e+00
5.111475445220290403e-01
9.105958980701793770e-01
-5.349063102756808075e-01
-8.609900809632817786e-01
1.000000000000000000e+00
-4.041822021980109314e-01
8.797866787230717023e-01
-4.192858614020238406e-01
-6.866104288433974023e-01
-1.000000000000000000e+00
1.426704969419003710e-01
-7.954570524606812132e-01
5.513993444825745494e-01
2.244224710186721872e-01
-9.025986074517594604e-02
-5.276160513396217500e-01
-6.465530854921788251e-01
4.436609179092221300e-01
