1.000000000000000000e+00
-1.244935225572401938e-01
1.000000000000000000e+00
1.000000000000000000e+00
5.648633942266523267e-01
-1.814741919971570860e-01
8.719538602451877285e-01
1.000000000000000000e+00
-5.426512266397671702e-01
-5.260286456524998489e-01
9.862589626802118481e-01
-5.133436893292415704e-01
-1.324783574317908164e-01
-3.439418484740246473e-01
4.543004474074416876e-01
7.952073895313495067e-01
-9.592081112266626075e-01
8.470703830998647099e-01
-7.436584733818435433e-01
-1.000000000000000000e+00
1.000000000000000000e+00
9.272551891935925106e-01
7.551435723382626808e-01
-9.373035353782778190e-01
1.000000000000000000e+00
1.000000000000000000e+00
-9.578015379171562760e-01
-7.116278314977824149e-01
3.516263312952130349e-01
-1.000000000000000000e+00
-2.584156004851989596e-01
2.853359215472499599e-01
-1.188657343118912912e-01
5.039653573775039197e-01
1.000000000000000000e+00
1.000000000000000000e+00
-5.101054988831583703e-01
9.299823444034301945e-01
-6.889108350501196298e-01
1.000000000000000000e+00
-1.673557208862346268e-01
1.040088777901463091e-01
1.000000000000000000e+00
4.241413432410749973e-01
2.006592329250770357e-01
4.861252811165213406e-02
5.919432377069361317e-01
-2.967121755850150033e-01
-9.052632349108520327e-01
3.387771376605864804e-01
6.181615154673303358e-01
-9.811792811126186509e-01
-1.898561186742854789e-01
-3.106432051127971938e-02
-3.746842584328799464e-02
9.383472312043599217e-01
6.660423149295722212e-01
8.634091202012622590e-02
-1.000000000000000000e+00
2.208395851154964507e-01
1.491760530742446134e-01
4.960669159077862878e-03
1.484033068015865875e-01
1.000000000000000000e+00
-7.506701359484662106e-01
-1.000000000000000000e+00
3.656119354033177116e-01
8.504076843832475419e-01
3.786984117008981299e-01
1.809771709359423442e-01
6.394503878123030116e-01
4.297540210545824912e-01
1.000000000000000000e+00
3.159132436488537032e-01
6.874548177762814793e-01
-7.284041051394207766e-02
8.638694212108244397e-01
4.622767680933352885e-01
6.463515940789816838e-01
-3.075993495253853682e-01
6.101418512795747651e-01
7.246742861943125114e-01
3.441641223391251336e-01
4.147005804744158253e-01
1.828334470395451550e-01
4.724622619178605043e-01
3.016595141336411157e-01
-4.133350069841380814e-02
-1.862323198735784668e-01
4.281375215568858916e-01
8.829611505278879280e-01
-1.979796515221421416e-01
1.000000000000000000e+00
1.000000000000000000e+00
-4.336878869557614369e-01
-1.000000000000000000e+00
-8.368299296384922314e-01
-5.363271239087559206e-01
-6.141994074603780440e-01
-1.033286047343600078e-01
-1.808650365244233171e-01
-1.000000000000000000e+00
5.129060251894634881e-01
1.000000000000000000e+00
-4.448379012131702392e-01
-7.245316701301942608e-01
-1.000000000000000000e+00
-1.000000000000000000e+00
-9.772243533394577852e-01
-1.000000000000000000e+00
-7.505519969097842470e-01
-2.182466313153527127e-01
-5.705461242784835019e-01
2.053982719807313506e-01
-1.136992587861807014e-01
1.000000000000000000e+00
-1.000000000000000000e+00
9.039840316189369229e-01
1.158128804798230771e-02
-4.125169479679158258e-02
-8.925408218780963576e-01
4.540332281268575354e-01
4.787961622904254311e-01
-5.633892419731838519e-01
1.547949973456819173e-02
-6.689103616277372044e-01
7.128908944014014093e-01
-7.474347056262808930e-01
6.994547615527837436e-01
5.084227272191569336e-01
-1.000000000000000000e+00
-1.837317608315620632e-01
4.956771894243121590e-01
7.311896976392894265e-01
6.154329169474138661e-01
8.735744242887844013e-01
-6.182009961268741804e-02
7.152647562368703582e-01
-3.136465845835989530e-01
4.237705312109825151e-01
-1.000000000000000000e+00
-3.645703119621924726e-01
7.830711947711728182e-01
4.761209169988135370e-01
3.907592347534620814e-01
5.289421204430999612e-01
-1.000000000000000000e+00
9.413688032663115601e-01
1.000000000000000000e+00
-1.000000000000000000e+00
-4.811250746019598568e-01
5.352229292582905140e-01
9.594960433132664335e-01
5.678960974879504464e-01
-1.000000000000000000e+00
-2.379522575233440351e-01
7.466783506153060745e-01
8.494943711860494240e-01
8.207384063234853810e-01
1.444154500701185784e-01
-2.593423022541573308e-01
1.276488837103301188e-01
5.628261295462416713e-02
-2.955892696167706779e-01
-2.925591036533244371e-01
-1.000000000000000000e+00
4.167204525520686875e-01
-1.000000000000000000e+00
-6.409140972289993909e-01
2.270073407702210000e-01
7.356396958911213257e-01
-1.510687409858119112e-02
-2.494513733336134464e-01
-3.584811996131263001e-01
-1.000000000000000000e+00
-9.254538763754114328e-01
-1.325956240599894809e-01
-4.888782603103989932e-01
7.467806487999273379e-02
1.777799912364743662e-01
-3.715022086759945941e-01
-1.834866928527100205e-01
4.929041112608872344e-01
-1.000000000000000000e+00
1.437191493161930067e-01
-1.000000000000000000e+00
-8.460638852117237096e-01
9.238199104552995422e-01
2.258748640612853187e-01
1.000000000000000000e+00
3.641041317603512795e-01
6.489552634923474450e-01
-1.000000000000000000e+00
7.031853142586594330e-02
-5.109110758604085145e-01
2.152624964233067484e-01
1.199411434383577391e-01
-6.793931543372201398e-01
9.677751113344679190e-01
5.758980602217221856e-01
9.422384619901403857e-01
-5.233580263749093575e-03
1.000000000000000000e+00
-6.868597703740708660e-02
-1.000000000000000000e+00
3.644150995219254119e-01
1.070174612193174335e-01
8.272559553543838984e-01
9.139068396765204216e-01
6.855279971259220506e-01
-1.000000000000000000e+00
4.603080516964089264e-01
3.425230585161964658e-01
1.188917569722711676e-01
4.575509018214252155e-01
7.301222387915420331e-01
-6.228327734356270406e-01
1.000000000000000000e+00
4.617680049410803900e-01
-9.925952504009151189e-01
-2.728583154828644330e-01
-1.893473195768194950e-01
-8.594938312177623496e-01
1.000000000000000000e+00
1.000000000000000000e+00
-4.198033118703453637e-01
-7.022091813498752000e-01
1.000000000000000000e+00
4.945560563541919197e-01
5.513502784528733214e-01
-5.900535212082294034e-01
9.176878326885775650e-01
5.987535984058093286e-01
6.988110943409009401e-02
-8.598728907807988708e-01
2.493914700158017528e-01
-2.588841184853499788e-01
-3.313030500777702780e-01
5.637171161928101748e-01
-3.121890205893167458e-01
-4.365723496280407012e-01
4.676660983243157155e-01
1.000000000000000000e+00
-5.106174084519390366e-01
-1.133369540623327398e-01
-6.202306238666087657e-01
-2.335616573287520037e-01
-5.603620725466647023e-01
-2.884284685369865042e-01
-9.437343805791509332e-01
8.588014566696022811e-01
-1.000000000000000000e+00
3.334902390510653403e-01
2.710702737356338599e-01
4.518786119835376258e-01
-1.000000000000000000e+00
1.000000000000000000e+00
-1.000000000000000000e+00
-4.137983146592906780e-01
-4.884778109563063242e-01
-5.765265235159023893e-01
-3.678385680738931462e-01
1.000000000000000000e+00
-4.792594149061113473e-02
3.225848610352295975e-01
