5.349647555734118320e-01
8.180098075253507961e-01
7.700829776906092938e-02
-4.376068838953917073e-01
6.528640391687957623e-01
-7.935115887984967031e-02
-6.638810418373137789e-01
-4.132635965844524417e-01
4.551140250930347797e-01
-4.506133856471388199e-01
9.956708766801976029e-01
5.327629493633372348e-01
-1.299210760906870377e-01
-1.000000000000000000e+00
-7.147210771867751333e-03
1.737093362834023491e-01
7.934450043967633537e-01
-1.122574285885593326e-01
-3.519716513843214045e-01
7.141789456190383856e-01
5.596524986144304492e-01
-2.054449742794008937e-01
4.902790131796574968e-01
-5.582476393653534874e-01
-2.458834687577926559e-01
-2.115574617487481213e-01
4.395155666678447481e-01
-2.536163631824368547e-01
2.683502587946620110e-01
-9.568921200569195928e-01
-2.066257475020494283e-02
-1.000000000000000000e+00
-3.264042583517881013e-01
1.428120527128080575e-01
5.200255804924991399e-01
8.151159079949799047e-01
-1.858480053757767259e-01
4.860157128882895972e-01
4.028791311005552878e-02
-5.078587223518660210e-02
7.550175447300979670e-01
-1.958156446513619198e-01
3.811195768842738918e-01
4.688634868884069551e-01
1.102848971913865661e-01
-7.113282407592822487e-01
-6.493603773759264453e-01
4.079511829779726151e-01
-7.448987524139523142e-01
-1.848866434021996241e-01
-4.363362008957727411e-02
-7.761787842290615025e-01
5.472142619865363322e-01
7.355091768651427220e-01
4.078480466244763791e-01
-5.880133096825481687e-01
9.375804462528858352e-01
7.639264497675892773e-01
-2.183683835668278617e-01
3.578294061463438425e-02
4.967943757366288793e-02
-9.345165823437318053e-01
-7.778754997793215775e-01
6.523695066024850497e-01
-8.613577305337500878e-01
-4.189176838275732173e-02
8.558988013465063105e-01
-2.546883459292639262e-01
-6.103755382893002457e-01
-5.879494452815716699e-01
1.000000000000000000e+00
4.852948552028915064e-01
7.133548919463299498e-01
5.050188628377361155e-02
4.863158790154502586e-01
4.576797123268860901e-03
8.218094439647116722e-01
-6.645693595756785310e-01
5.068246575564927525e-03
1.000000000000000000e+00
-6.821829900965294957e-01
-8.327128952150080199e-01
4.542490445246682995e-02
8.209743394580093501e-01
1.658957970665149440e-01
6.660688868864861334e-02
-9.799797890423389557e-01
-3.805407946945791320e-01
-6.733172260941404641e-01
-9.345588606606547444e-02
4.362595549497805258e-02
-2.715458161878054888e-01
4.248774101781489509e-01
8.894837408447104909e-01
-8.274509429398106963e-01
6.045948501123468155e-01
-4.584257647822354009e-01
8.574036732395036164e-01
-3.689896137742203486e-01
7.735431604505458303e-01
2.073324367576603322e-01
1.000000000000000000e+00
-2.833570960807129668e-01
-7.772110075578473332e-01
8.471650868303577386e-01
9.927398420276256630e-02
-6.249465966485194812e-01
9.763375069148514385e-01
4.934046084931789644e-01
6.322875770568257003e-01
6.195197628226781772e-01
6.505599746559509455e-02
8.709632330024497104e-01
-1.000000000000000000e+00
4.536448424203355922e-01
6.111477875189891273e-02
8.974054524630021845e-01
7.622548895860095097e-01
-5.539050728443226657e-01
-7.247908720611198063e-01
4.382648054631046453e-01
-9.956796455944743052e-01
-4.743144310368683225e-01
2.175554911505646061e-01
2.602272439500206147e-01
-3.735925371264907646e-01
-3.030954998213981622e-01
-6.999173447820838945e-02
-6.308556813848225087e-01
-7.289926262268500157e-01
-2.852710989097937411e-01
3.505036274977910704e-01
-7.564779495892659522e-01
4.165919484189033462e-01
1.131443153126764356e-01
-6.031082350932499558e-01
-3.300457746301646011e-01
7.975316987264238211e-01
-7.894409641202304595e-01
5.399260948135278237e-01
1.173463665052427718e-01
-9.354032827491509661e-01
1.000000000000000000e+00
4.410783343912343391e-01
-9.918270300556466523e-01
-4.812421111341000923e-01
7.016352210267915446e-01
-6.622254663813362807e-01
2.021558938044429876e-01
-3.606684379067253143e-01
2.736499493357616442e-01
-9.758957214076305342e-02
-7.496201314985819764e-01
4.525911791040271304e-02
3.902170125567001602e-01
1.693074189535617169e-01
1.483324402725472169e-03
1.372487214698132618e-01
9.623572065242733675e-01
8.080108194558424106e-01
-3.804586631271733577e-01
2.182186576836724345e-01
2.409482850307769208e-01
-3.437306006720493023e-01
3.087545113153460363e-01
1.000000000000000000e+00
2.460149008899414902e-02
-1.984250228060315813e-01
-7.689941696531787940e-01
4.318469914859033310e-01
2.810561100511763666e-01
5.909656725441716496e-01
-1.000000000000000000e+00
8.267631349305126776e-02
-1.988096864903539096e-01
3.062387358792051373e-04
-8.388838079980329709e-01
6.980141397503207834e-01
-6.371837157360775716e-01
5.976306750427958780e-01
-9.379072249975624054e-01
-7.573322080529244493e-01
-6.278645825234419053e-01
9.189401811762956118e-01
-1.000000000000000000e+00
2.554253288195125204e-01
7.556387652632678975e-01
3.185029161849226020e-01
-5.382540717082924253e-01
-2.096772310601882072e-01
8.912394546229571723e-01
3.371868311180514777e-01
4.273029644968502350e-01
-1.890871692658468994e-01
-6.708910437339865585e-01
5.847960599150698879e-01
-8.314215292349254049e-01
-5.032760372102711433e-01
1.188171360648364594e-01
5.085029552736295422e-01
8.636848700261441358e-01
-1.992267817690778209e-01
-2.600855754195514624e-01
4.004774350246680381e-01
2.273348279973260722e-01
-5.598605868605610603e-02
-1.881204277199457486e-01
5.974161210786734788e-01
-1.648759176754319711e-01
6.991460742208881474e-01
-4.168768431397651408e-01
-2.092781555292345663e-01
-1.536600245748733773e-01
8.104086378547414871e-01
-7.145963374085722020e-01
4.647363968591886607e-01
7.142915714173927455e-01
8.836515554113941739e-01
-5.333574846778375012e-01
9.137211207310396155e-01
1.098085536625519332e-01
9.223918352173856583e-01
-5.846698005059181025e-01
4.924776926288103596e-01
2.734199898308466992e-01
-6.975263679375443004e-01
-8.220236009255548204e-01
2.714402104611901567e-01
-3.881552108201475892e-01
4.333344339728404382e-01
1.065079794883962983e-01
-2.889139233782315186e-01
1.258463497040060997e-01
1.610352901451688190e-01
-5.837394201629335644e-01
-6.790641775128491986e-02
-3.886298455401498986e-01
6.774641080673220461e-01
-5.492504063690009097e-01
-4.200421833445624475e-01
-7.958290473653941710e-01
-1.000000000000000000e+00
8.062102390849954503e-01
7.083176244846713931e-01
4.108633586000156601e-01
-7.422270054665700556e-01
-7.649108829893913608e-02
6.884744891595584448e-02
6.443934449336246040e-01
2.907297708147569271e-01
-1.071281479456083208e-01
9.957675510812533659e-01
1.190401226338064777e-01
8.758225993732178249e-01
-4.956514799776083890e-01
-4.168864606713738041e-01
7.879312731162935179e-03
-2.334397763142475046e-01
1.948238064461627062e-02
4.697747902017785915e-01
6.304819631152491777e-01
-2.761322532016659004e-01
5.417955760716930413e-02
-4.219258339858917850e-01
8.885669996468976706e-01
