1.725715877958371447e-01
6.188092730536034480e-01
-6.139362415511213644e-01
1.858260493677916791e-01
-8.621493174695418205e-01
-3.666316622039825779e-01
-5.280885516460287477e-02
-1.295761377508195533e-01
9.121632954647280744e-01
-8.191060545652202318e-01
-1.000000000000000000e+00
-2.599295144701243565e-01
8.961406751265575954e-01
2.831451896281457770e-01
2.415617429524581361e-01
1.000000000000000000e+00
8.457612797633129453e-01
-2.645356982595985507e-01
9.283242619944945262e-02
4.945702129531664437e-01
-1.983108401164894730e-01
1.000000000000000000e+00
2.967401444266393185e-01
-6.143897027728761895e-01
-6.013101961057445433e-01
-1.755702760291939502e-01
-2.179178892560194036e-01
1.000000000000000000e+00
-7.657716264189465827e-01
-2.640324472771297115e-01
-1.000000000000000000e+00
5.297522771210316783e-03
-6.985071199165791000e-01
-4.981096066921493204e-01
4.751864458323589169e-01
-7.774637821765442158e-01
3.109783336988574121e-01
-2.282180636704356225e-02
1.263940851911600216e-01
3.184668003631809796e-01
4.676184312922671005e-02
3.196380064772617047e-01
-7.525465362504615285e-01
1.000000000000000000e+00
-2.589360894604614272e-01
-9.663194879280623262e-01
8.495645852076945115e-01
-2.869660931379880431e-02
-3.477260462426031706e-01
5.036377608339182022e-02
2.264226017761614418e-01
-1.816307966823660358e-01
-2.480494764996594714e-01
-8.716044844487669252e-01
-3.449185872087718874e-01
6.751902482768601388e-02
-7.592674822571949811e-01
4.212614081369314700e-01
1.717176016107614944e-01
3.463752097879297942e-01
8.889418149623735665e-01
-2.548415119789758654e-01
-3.941919135948364072e-01
-6.173856333079446035e-01
-2.265356196310095438e-01
-1.000000000000000000e+00
-1.000000000000000000e+00
-4.192967443143230666e-02
-8.633669569929495191e-01
-1.000000000000000000e+00
4.024552898510564969e-01
2.619104209753650436e-01
-8.117504459714892651e-01
-2.246654790236508048e-01
1.795390297992318362e-01
-3.683884106574344397e-01
-7.310622301202864826e-01
-5.204859664148715481e-01
-9.571834436903383647e-01
-7.261588753297238963e-01
-4.088586303933122723e-01
-3.512022547163737851e-01
-1.000000000000000000e+00
9.615141401277620403e-01
-5.843211660129177254e-01
4.719087963654322593e-02
4.786681619016546207e-01
1.000000000000000000e+00
-2.952222902942169824e-01
-4.382008095504108525e-02
-2.844016715860100408e-01
-4.981834295617995068e-01
9.968136511499319230e-01
1.459557330172402967e-01
-1.077160859045389607e-01
6.826846310837935139e-01
-2.830570256291355391e-01
-1.765371932076953698e-01
1.093319111945835198e-01
-1.000000000000000000e+00
-1.000000000000000000e+00
4.204329426321073426e-01
-1.000000000000000000e+00
2.816264300883470906e-01
-4.338683898390376381e-01
5.400133124777815041e-01
3.591738371733167456e-01
4.200807171760683190e-01
8.639296812567623385e-02
7.583485725426333257e-01
-2.152133556681361526e-01
3.299890701536862814e-01
-1.158317093791485508e-01
-4.358807710375860456e-01
-3.240239524931325388e-01
2.862818575789619624e-01
3.920064634641645673e-01
2.524174589378891387e-01
-5.085267008871863226e-01
-1.368332023836726918e-02
-8.468991193729553668e-01
-8.223639946569600845e-01
-3.724145440233126436e-01
-6.967962467602066834e-01
-5.578187107025686098e-01
-1.000000000000000000e+00
3.786280551303379815e-01
-1.000000000000000000e+00
1.242878171971314449e-01
1.000000000000000000e+00
-8.011897571431414455e-01
8.741381019546218267e-02
-1.000000000000000000e+00
-1.291272690705760340e-01
-6.153859706030070376e-01
-4.365473363695429043e-01
-1.258007622916237356e-01
4.729111756820247869e-02
4.683503060735452195e-01
-3.657698827264488362e-01
1.000000000000000000e+00
-1.000000000000000000e+00
1.667814005351546391e-02
-8.512688706995907850e-01
-9.555231949927626978e-02
9.385534246571989314e-01
1.000000000000000000e+00
6.447968467021742978e-01
-8.085878746963828245e-01
-6.931858097463572399e-01
1.000000000000000000e+00
-7.714013575133287226e-01
-9.994490038237816565e-01
-1.011683267029204192e-01
8.416735093109566357e-01
-3.806151881241559565e-01
-1.000000000000000000e+00
3.057830524913313086e-02
1.538962788481579302e-01
1.000000000000000000e+00
1.000000000000000000e+00
-3.416531000403916218e-02
-1.000000000000000000e+00
6.539199439127008073e-01
1.000000000000000000e+00
9.062926533707882371e-01
-8.683070400308656733e-02
8.227115599656746880e-01
3.602956974993014039e-01
-1.000000000000000000e+00
3.480475081277065730e-01
-1.000000000000000000e+00
-5.096084194808954138e-01
4.922615515211508641e-01
8.460126625477495388e-01
6.967626601373326789e-01
2.068192061175639918e-01
5.028231348728495753e-02
-5.625776437855403156e-01
-1.000000000000000000e+00
2.672310494870022701e-02
3.115404584147172806e-01
-5.685770672929280067e-01
1.000000000000000000e+00
9.772271438881414696e-01
-2.681114177048102842e-01
-1.934537091459191949e-01
-2.218018535183542417e-01
-8.033053943728187818e-01
-5.858527080235634843e-01
-8.937320663822108102e-01
-1.662843287440107787e-01
1.563796692067227212e-01
-1.145712347606738235e-01
1.000000000000000000e+00
6.224833519522312564e-01
6.236352073283299990e-01
-7.749759641848380509e-01
-5.609271244507114673e-01
3.196666582082349772e-02
4.104926605490255564e-01
-4.868063608018158295e-02
2.375503090630641800e-01
3.619090712123818054e-01
7.696988718569519605e-01
-8.063711119787851933e-01
-6.300743437336711050e-01
4.551347251024629448e-01
6.729269664559367481e-01
2.352785242141708366e-01
-7.375795348696887466e-01
-1.000000000000000000e+00
9.424255981343592214e-01
1.000000000000000000e+00
-9.424430739411149283e-02
-4.549793861312037002e-01
5.405832427376252580e-01
-4.191291434782481451e-01
9.331831598411686191e-01
-4.480130149197090739e-01
6.898353960583987199e-01
8.854115039985639424e-01
-9.326275993007973053e-01
3.688818500838706438e-01
-6.182525259485897040e-01
-4.177676172324525372e-01
5.227327234771397269e-01
1.966243142888441930e-01
5.199799032991716530e-01
-5.366840140316270213e-02
-2.609902657807237070e-01
-3.248196326548101753e-01
-2.000326717101145180e-01
1.000000000000000000e+00
3.031266725564061848e-01
-5.842089387228561748e-01
-2.754886235781970338e-01
7.902741368260530752e-01
7.852846848889249998e-01
6.862624531573434661e-01
-6.389439254995017414e-01
-1.892462027108962053e-01
-5.188886892672872619e-02
1.000000000000000000e+00
9.592816264689596473e-02
-2.174355913229570891e-01
-1.000000000000000000e+00
2.266623968753659346e-01
7.042727520033774391e-02
4.405322883912182186e-01
-2.236593997619119867e-02
-5.017209258710153552e-01
1.000000000000000000e+00
8.774187548459173591e-01
-4.883573116362917022e-01
-4.117420973678023177e-01
-7.731065218479149515e-02
-1.000000000000000000e+00
5.125596392244817778e-01
-4.121674860428843346e-01
3.221837506643380755e-01
7.440136057546573589e-01
-5.026996564848262850e-02
-8.981360431193119442e-01
1.000000000000000000e+00
