5.153881573553882323e-01
3.030007878063535887e-01
-3.359214613853088172e-01
-5.110361716000788590e-01
2.386204186978857500e-01
1.502025224972203254e-02
7.036606601463244459e-01
2.906263096489714037e-02
6.462823067115499587e-01
2.215384265434050537e-01
-6.884294275503353155e-01
8.891825536190547385e-01
-1.878254091699311790e-01
-2.886008916497207477e-01
8.272700378788824249e-01
-6.597431643632470921e-01
2.262181682705668440e-01
9.579705291996254424e-02
-1.370837213953091105e-02
-7.872677458729282485e-02
-4.799234653260473493e-01
-2.939788751624172747e-02
1.000000000000000000e+00
4.948563039143996090e-01
3.496150493027436745e-01
-7.749731056745867708e-01
7.556695094264002099e-01
1.000000000000000000e+00
2.520913682218701712e-01
-6.900275750554036858e-01
-7.174337418694360924e-01
-8.509057990644830483e-01
-4.991318646375810797e-01
6.554043890451610732e-01
-7.728325766725916424e-01
6.193796837703935410e-03
1.307045594444306014e-02
1.019166494453724869e-01
3.056786300208877982e-01
4.397542938018659253e-01
1.000000000000000000e+00
2.410664909173363402e-01
-8.037382305541400651e-01
-7.053444039045300151e-01
3.617047566685676063e-01
-1.044068319413993251e-02
-1.476495680850931635e-01
-1.861484529943098210e-01
-9.996351573633741605e-01
-1.045341125301524343e-03
-4.881267340512238651e-01
4.807742410015372059e-01
-3.522952802610747058e-01
8.692132275138169106e-01
-4.202962333385632521e-01
-4.760833668536122998e-01
-7.777341722864878903e-01
7.224800515319642624e-01
5.679069340151730039e-01
-1.000000000000000000e+00
1.000000000000000000e+00
-8.123702288599407018e-01
-5.467229611341823947e-01
7.023392127671617136e-01
-7.936793116589520025e-01
-7.010293807377510067e-01
9.929361277385402307e-01
-9.877599148356810410e-01
-2.711616635267297681e-01
6.835804005046839382e-01
3.140047573298159200e-01
-1.867456193060538228e-01
3.434644880103679410e-01
-3.358203936151877289e-01
-2.754105090619809459e-01
2.040573162690235698e-01
-6.175726251476503226e-01
8.624606022884024892e-01
-2.104847416035868779e-01
1.000000000000000000e+00
-7.843405423317850733e-03
4.639390486200589692e-01
5.982092000103882423e-01
8.955716418131853818e-01
9.611751628884728227e-01
3.286868592764924379e-01
-6.527439706543811671e-01
-7.944780024573153132e-02
8.062728963653827963e-01
6.853218406150161091e-01
-5.829603878394791217e-01
-9.631599032645610237e-01
-8.977878674494930156e-01
2.403550458474823515e-01
-7.705042176059611059e-01
3.612507797899979778e-01
4.551744739027903108e-01
4.878412190464509468e-01
-1.101674191895534172e-01
1.156970440994104510e-01
-7.137409776682051010e-01
-1.000000000000000000e+00
1.000000000000000000e+00
2.082488612756601132e-01
-9.389668262631979401e-01
2.264134248346598155e-01
-5.554869677931697503e-01
4.297620939754633884e-01
6.284288965180335751e-01
-5.665370918183110227e-01
-3.216701121457583579e-01
4.887921372338926984e-02
-1.114165297033902213e-01
1.252845677955613524e-01
-7.391061624820942644e-01
-9.552928571906789124e-01
5.282118588216664357e-01
-1.000000000000000000e+00
5.193707544413808108e-01
-6.916896983634459595e-01
-8.074867438301254197e-01
8.326621536358720377e-01
7.938256451613159292e-01
4.937634009461764339e-01
-5.124404356210012779e-01
2.406509511967198089e-01
9.244860884249428423e-01
6.621607618342728596e-01
-3.459362122013838192e-01
-7.442650148097593732e-01
-1.000000000000000000e+00
-7.406910899271779147e-01
4.924845446387395853e-01
8.205719240229039091e-01
3.864337814487277534e-01
-4.810997147693729659e-03
2.826019392997149993e-01
5.123061085846412066e-01
-2.284745037476874074e-01
5.179292502591081870e-02
9.528533635295444171e-02
6.392491273397076235e-01
7.634431315229508463e-01
6.854600274704030216e-01
-1.000000000000000000e+00
-1.691970430880120890e-01
6.075067663009099395e-01
-6.526380566241856140e-01
4.843291226114891934e-01
6.594720706027781265e-01
-5.050087457164456062e-01
5.028111691296821562e-01
4.022230348501929509e-01
3.910169399270311263e-01
4.698219414364179780e-01
-1.264463690274095220e-01
6.153944672712796660e-03
-8.225990298177993099e-01
-1.000000000000000000e+00
1.417004378274033805e-01
-3.572273235478069520e-01
-4.503426634137686069e-01
-8.963760944030447764e-01
8.434629117452914215e-01
8.701619531376695305e-01
-3.783320714690727171e-01
2.520695587567938212e-01
-8.744849000090324509e-01
6.033800679326488670e-01
-8.782728526688295956e-01
1.000000000000000000e+00
-2.416261622658801844e-01
-1.917852964363283008e-01
6.203303508956226064e-01
2.153991785011055704e-01
-5.299854919440889767e-02
3.140125585929696150e-01
-4.713842410705419428e-01
8.210044576409214478e-01
1.715114918988298598e-01
-2.642868950983889853e-02
1.957340335875360493e-01
-5.162775129320802403e-01
1.301711500768116814e-01
3.606600605656302694e-01
-8.285859982146808189e-01
-1.789149279765978040e-01
8.789886797985222433e-01
8.237877427184352452e-01
9.758214707529198062e-01
3.399853990832328865e-01
3.843244828428502569e-01
8.048328224280545395e-01
1.000000000000000000e+00
3.911407972140819034e-01
5.298802977765522115e-01
3.994511105906994874e-01
-1.939156599792890567e-02
3.953971626829961838e-01
5.466455726117496194e-01
-7.293679478812897798e-01
-2.375768000380549250e-01
6.681017129081976424e-01
-3.067023087803258385e-01
-8.077422880628302160e-01
-5.065397805546174581e-01
-4.451700927896717896e-01
-1.723328186295483011e-01
-1.180396089269519777e-01
-1.181114849435903613e-01
1.000000000000000000e+00
-4.682384357102791217e-01
-4.000793620231342107e-01
8.454676959256977042e-01
-4.786224838457671105e-01
-8.805536114048289065e-01
-1.897460683272484960e-01
5.518472322191683155e-01
1.000000000000000000e+00
-4.765667354010040269e-01
7.854636433218193936e-01
-3.527817195048348342e-01
7.080589374612280551e-01
-1.563483802073011297e-01
9.071502368360875312e-01
-3.940746124226111036e-01
6.266484761305903817e-01
-1.000000000000000000e+00
-9.835060337699941257e-02
-1.343439254656271231e-01
-8.744834619719770163e-01
-2.494560577638662568e-01
9.280970879411871710e-01
8.995071640111349520e-01
1.000000000000000000e+00
7.319874681029278074e-01
9.310175789312205019e-01
3.217546894169840410e-01
5.802054255309140318e-01
-6.809538389558389415e-01
-5.362071849773486498e-01
1.000000000000000000e+00
8.919067667619421380e-01
-3.645319164704360348e-01
3.716061823935421504e-01
-6.982731637813610615e-01
2.012633210745329304e-01
4.901379917986826706e-01
7.287715359689097561e-01
-6.952596749959449873e-02
6.023206857382166213e-01
-9.292768699346820593e-01
5.211575113293993589e-01
-8.139716857179803977e-01
-8.099582066833339589e-01
-2.547079391254902792e-01
-3.837010580566328488e-01
2.782590204011823332e-01
-8.983542617649177275e-01
-6.480995154031965466e-02
-4.056510714221148728e-01
1.852923833883346194e-01
-1.215325614875952809e-01
5.541879201942006006e-01
1.463095685463613460e-01
