2.451421169467249417e-01
4.287690363408904748e-01
4.464847740665635611e-01
-1.000000000000000000e+00
-7.659707760623295503e-01
-5.535491318308787267e-01
-4.814691749675082955e-01
-6.856786973947357477e-01
-2.794513034617506220e-01
5.631374653734366742e-02
-2.764159809696384862e-01
-1.000000000000000000e+00
-1.000000000000000000e+00
1.000000000000000000e+00
7.422700543560767361e-01
-1.000000000000000000e+00
2.651294779025017423e-01
1.000000000000000000e+00
-1.405496468742119254e-01
-4.539008778996578286e-01
7.595125954453412209e-01
5.275562515125378771e-02
-8.119721163290652965e-01
1.000000000000000000e+00
2.764376277182410413e-01
-1.323878790772043956e-01
-8.267751551878184113e-01
1.911286881124474313e-01
-9.865795267940098423e-01
-4.665370883472760299e-01
1.000000000000000000e+00
-6.604986380885935482e-01
-6.696543967438067790e-01
7.799688923365779569e-01
-5.705301917311171866e-01
-3.211982635767283711e-01
4.774821842667988925e-01
7.580443859759498082e-01
6.499336242051169110e-01
-8.083661095307344002e-01
-5.738964059209716861e-02
-9.525915893426840642e-01
6.427446872065948336e-01
6.856632666819250099e-01
2.568804187098407965e-01
9.056992187541653694e-01
2.842296624144936001e-01
-6.719387804554184385e-01
8.357600211203224383e-01
3.001412578059687863e-01
-1.000000000000000000e+00
-4.843030001034672738e-01
-4.653622051165313689e-01
1.000000000000000000e+00
-2.005879492108297302e-01
-3.194446114393834080e-01
-9.040031733483766541e-02
-2.447801621586287446e-02
-1.000000000000000000e+00
-1.398887388038805302e-02
1.136375914245804503e-01
8.150167417155264049e-01
1.000000000000000000e+00
4.062479778871215808e-01
-5.369653817826056663e-01
8.770104870689640064e-01
1.000000000000000000e+00
-1.000000000000000000e+00
-5.575521867824551059e-01
7.464087579690177332e-01
3.914640679863257144e-02
-5.447805068424611541e-01
-4.053537401752004277e-01
1.000000000000000000e+00
8.131444518749142425e-03
-1.550018421784981060e-01
-4.877069205061898560e-02
4.917629075865814769e-02
8.147742273577129879e-01
3.797795140489221843e-01
7.206646849062665616e-01
1.000000000000000000e+00
6.679604205049588517e-01
-1.000000000000000000e+00
1.000000000000000000e+00
6.218007841166990346e-01
-5.424246005323690722e-01
-2.329273851641230353e-01
-2.992172608515591969e-02
1.000000000000000000e+00
2.289710428623590310e-01
5.407492488334152414e-01
-6.931732982952265587e-01
-4.709937416458620518e-01
1.000000000000000000e+00
1.000000000000000000e+00
-2.592465373300494313e-01
-2.085855697126974828e-01
-6.817266730076730896e-01
9.389214366920433097e-01
-9.444713591164551891e-01
-1.000000000000000000e+00
1.560535786829763127e-01
4.635928165900573550e-01
7.644320001346973648e-01
-2.074128778388225069e-01
-7.511500623114917286e-01
3.912923925808475811e-02
2.966792239589246538e-01
-1.000000000000000000e+00
2.199765998264436306e-01
-7.552319003908358752e-02
-7.122332281195975501e-01
3.964303317404990201e-01
-4.450820511608809538e-01
5.771429786283186480e-01
-6.037526367599113097e-01
3.455800020270159978e-01
-3.317298827962020802e-01
-8.531614806082697955e-01
-8.864521027204081971e-01
2.248092580486604763e-01
7.533626601288281321e-01
-2.461246840731314278e-01
-1.989733196138332438e-01
-8.661597184371137015e-01
-9.879581310993029719e-01
4.485155563919563937e-01
-3.343026080434498004e-01
-2.613433387187485968e-01
-1.814899899320663867e-01
2.615234114531961307e-01
-2.387724294149280446e-01
7.013455747262908879e-02
-7.678080599173018328e-01
1.000000000000000000e+00
-1.000000000000000000e+00
-1.000000000000000000e+00
-5.907948991576800202e-02
-2.611848811820876026e-01
5.355030320716441805e-01
2.341196867313493357e-01
1.000000000000000000e+00
-2.483889511346587253e-01
1.958686595972633504e-01
-7.590709372404813582e-02
2.505537297037483402e-01
-1.000000000000000000e+00
4.303743273692566818e-01
-5.212220243893105343e-01
-1.583148229023594311e-01
1.000000000000000000e+00
1.043461127036272307e-01
8.257921694413371538e-01
9.545931434090360046e-01
-9.684741596472642433e-01
-6.321107186816953272e-01
-5.903996451919182320e-01
4.120591447123019835e-01
-4.997777109256401062e-01
-1.000000000000000000e+00
8.001813185256293481e-01
-6.874505137065840543e-01
-1.000000000000000000e+00
-1.000000000000000000e+00
5.382675974043715783e-01
-2.978369608863823403e-02
-9.287766769205814121e-01
-8.532241050516597980e-02
9.352249340376959097e-01
2.847792246599473165e-01
-7.721159421654724131e-01
-6.956529193949385625e-01
-4.365299096572394788e-02
-1.000000000000000000e+00
-1.364653887264655197e-01
2.426581184427266669e-01
1.000000000000000000e+00
-2.868209897511314055e-01
3.319754884869315914e-01
3.529619470829192251e-01
7.313845210502307737e-01
-4.191106952809584563e-01
9.234723458330034163e-01
7.200727168528531230e-01
5.305661147752867013e-01
-1.000000000000000000e+00
8.394767126804865143e-01
-1.000000000000000000e+00
-5.856043963842859634e-01
-6.183811908455263406e-01
4.871458720222525129e-01
-7.531635429024396977e-02
-7.297923732701134814e-01
5.762423858463888715e-01
-1.142474801203066381e-01
-7.215001008304917640e-01
2.585691124622312431e-01
-9.152401908299334643e-01
1.000000000000000000e+00
8.626237591271010974e-01
9.573898191870502394e-01
-5.519081180827197786e-01
8.851204224233920614e-01
-2.423930586175137014e-01
-1.000000000000000000e+00
-6.927169175656140432e-01
6.878452013498432827e-01
-3.833589025040694542e-01
1.992304089587719762e-01
-9.407140931427155905e-01
-1.407025905708387814e-01
-5.045778689497970593e-01
7.039742032102476177e-01
-1.771980176048524314e-01
8.151879687768809335e-01
4.971461497845113819e-01
-5.097646439542435903e-01
7.861291675046301330e-01
1.000000000000000000e+00
-1.000000000000000000e+00
-9.370521992285070212e-01
8.696862512832006509e-01
2.334754205146571393e-01
2.032356517821749808e-01
-1.322361903813928929e-02
2.407825037768456244e-01
1.000000000000000000e+00
8.725479614251441252e-01
1.231726411368201102e-01
-1.000000000000000000e+00
7.045853382861855252e-01
4.068680664998648444e-01
4.762005512120472961e-01
4.005426474332445252e-01
1.704800468062279695e-01
-5.297098854874869867e-01
4.059894999693445805e-01
6.500165287731649588e-01
1.000000000000000000e+00
1.465752387839767690e-01
6.093096695577548960e-01
5.161673093224251607e-01
2.993377078585635620e-01
5.160710931803133006e-01
-7.485789153867256074e-02
-1.000000000000000000e+00
-6.746960079805174315e-01
1.704853619774107099e-01
4.922231733619047978e-01
7.014717467648643456e-01
3.784164577971206311e-01
5.317927295839889323e-01
-6.089982278215910760e-01
-9.054555171909990374e-01
-9.361779197933872698e-01
-2.716869531316359887e-02
-1.000000000000000000e+00
3.302645858974741500e-01
4.335126311245504072e-01
-5.367100795235488775e-01
-1.000000000000000000e+00
1.000000000000000000e+00
1.000000000000000000e+00
-1.337631676905620959e-01
