2.654790100882040149e-01
-1.396225479220145060e-01
1.000000000000000000e+00
1.716007027116375760e-02
5.361539304989733079e-01
-6.015191057081314963e-01
-1.000000000000000000e+00
-7.097805203097342641e-01
-1.000000000000000000e+00
7.690008612779817287e-01
9.429992429250075858e-01
9.531135133795762826e-01
1.000000000000000000e+00
5.443324642962793503e-01
-9.950697218047899195e-02
6.674220574587024224e-01
1.421225358508393377e-01
-4.995191447306884247e-01
1.000000000000000000e+00
3.271476612807917572e-01
4.324600055822510059e-01
-7.872073277064317587e-01
6.835098035983772080e-01
-5.776552079138512763e-01
2.684629764366847637e-01
9.610995914343416491e-01
6.893453702776431991e-01
1.000000000000000000e+00
4.212351252908116406e-01
-3.196381689608849275e-01
4.299358328827667108e-01
4.748945538871937599e-02
-7.758801399316009872e-01
-8.685862424752630040e-02
1.424244919650943242e-01
-8.691028596735551615e-01
-5.255513108857712279e-01
1.000000000000000000e+00
5.939486067429160521e-01
-6.580484097587203651e-01
-6.109749448477256317e-01
-7.079277079385331017e-01
1.000000000000000000e+00
-2.888031323832307429e-01
-2.890550127188996621e-01
1.060950452551446266e-01
9.200968752510562121e-01
-2.775707145956261002e-01
-7.498715118188783446e-01
5.444024533968245816e-01
1.000000000000000000e+00
1.000000000000000000e+00
-1.000000000000000000e+00
2.096817920990301509e-02
-6.895096623006118364e-01
1.000000000000000000e+00
-8.663907312946702577e-01
3.987425042425919997e-01
4.697426497349866947e-01
9.260697534769520844e-01
1.000000000000000000e+00
-6.020169485483543026e-01
-3.369469284577753521e-01
8.381325809556781081e-01
-5.854838365020764712e-03
-1.000000000000000000e+00
5.443073792091079888e-01
-5.620083509789323140e-01
1.000000000000000000e+00
-2.197512391963631628e-01
-1.515481582968793706e-01
-5.728227374727529186e-01
-2.024157827293835421e-01
1.701301985091195623e-01
-8.766360419261870485e-01
-2.741033722328278799e-01
6.952116289743193178e-01
1.576136739998565961e-01
-8.357798173508793615e-01
-5.373343775542889222e-01
7.906547125298105660e-01
-3.562251058993495256e-01
-2.661552983754156276e-01
1.000000000000000000e+00
-8.136209318856414408e-01
1.000000000000000000e+00
1.000000000000000000e+00
-2.864635441503380342e-01
-3.178007216136554680e-01
-2.173638156351391237e-01
-4.346757969467332505e-01
5.450999032880385897e-01
-6.984473034772724631e-01
-1.218739646508434360e-01
4.940807510143350179e-01
7.466629035149419114e-01
2.933808125506852660e-01
-5.295047853443461960e-01
-4.803985077857773067e-01
3.040719751931693082e-01
6.666113962247220970e-01
1.000000000000000000e+00
7.634993904393525543e-01
7.107546721310498139e-02
5.958539894117746982e-01
-2.622856139420199906e-01
8.210545900613208659e-03
5.736075388419636933e-01
2.530272567417146679e-01
5.912297297559654385e-01
6.177228069927240828e-01
-5.526328755466569653e-02
8.433601079810052470e-01
-3.476675657692766541e-01
1.576021079815630443e-01
-5.819764325565005558e-01
-1.000000000000000000e+00
-1.000000000000000000e+00
-2.395322752152490575e-01
1.000000000000000000e+00
-8.850732315686292706e-01
7.045941185763771042e-02
1.190012290790030125e-01
7.458615865073132678e-01
-6.610302479395042674e-01
-3.783416316909451460e-01
-2.433062585221864582e-01
-6.750563408120747733e-01
3.603180213147489930e-01
-4.037614411489712785e-01
-4.895802515483947959e-01
-1.000000000000000000e+00
9.658893946741775594e-01
-1.000000000000000000e+00
-1.000000000000000000e+00
-9.984860936796426945e-01
2.326202658698295345e-02
1.455017325487593105e-01
-1.750115924666903744e-01
6.121671434131992218e-01
-1.262414192391847489e-01
-4.501420075615725214e-01
1.852918220061094967e-01
-8.844204766317178557e-01
1.000000000000000000e+00
-3.135467667945986969e-01
6.716910510132898526e-01
-3.507800671206033893e-01
-6.431646497588725531e-01
-7.656010419818747303e-01
6.666148393963179375e-01
1.000000000000000000e+00
-9.382806282757509830e-01
-4.609208074604236871e-01
9.961353193925448490e-01
-4.826040959843821976e-01
-5.303755238804401806e-01
5.380377632298576351e-01
2.759336681428002369e-01
1.000000000000000000e+00
3.860893973481690500e-01
-4.106444640226958320e-01
-1.894513040276959437e-01
3.816045921550145215e-01
-1.000000000000000000e+00
-1.213947254178858737e-01
4.761138721214590031e-01
-3.784028313117526743e-02
2.645802602403705683e-01
2.613440733499627910e-02
-6.932757591070387582e-02
3.561603397791884285e-01
5.983635836186431689e-01
1.000000000000000000e+00
-1.000000000000000000e+00
-6.880539565458426710e-02
-1.000000000000000000e+00
-1.000000000000000000e+00
9.472045795284057546e-01
3.672616570522180268e-01
-5.150374307022421716e-01
6.884240084430945927e-01
2.511172053671462123e-01
-4.807862390004735698e-01
-2.994577179648031384e-01
-9.230854680684104085e-01
7.203697705558218534e-01
-1.000000000000000000e+00
-1.000000000000000000e+00
8.765845413097954619e-01
-8.740515059798871222e-01
2.941557730497224021e-01
-4.961575741957704455e-01
3.927115254646291742e-01
2.959978421303604557e-01
-4.890645919859218371e-01
1.000000000000000000e+00
-1.000000000000000000e+00
1.878738803050605810e-01
1.753278032896140037e-01
1.000000000000000000e+00
1.000000000000000000e+00
6.202844653996650859e-01
-2.491840443935867677e-01
1.000000000000000000e+00
4.813092232827954620e-01
1.000000000000000000e+00
1.000000000000000000e+00
1.000000000000000000e+00
3.745852979744856426e-01
-1.000000000000000000e+00
-9.115688206310237351e-01
-6.299639088702742029e-01
7.709837672694014321e-02
-3.811850964695288613e-01
-9.116842785191225929e-01
-1.000000000000000000e+00
7.812856969529202722e-01
-1.527741206197261448e-01
5.657498101879002705e-01
8.455963658096590230e-01
-8.209880321176428186e-01
6.512212626006727012e-01
7.169670139397315012e-01
2.938973799990407532e-01
3.820908611814868294e-01
-1.000000000000000000e+00
-3.209251920882102427e-01
-1.207641942209415065e-01
-1.896483312307518931e-01
-1.000000000000000000e+00
-1.000000000000000000e+00
1.000000000000000000e+00
6.139198090103696881e-01
6.106412621832459919e-01
1.000000000000000000e+00
-4.661710820382291010e-01
-2.229348991166518190e-01
4.448988212541627463e-01
5.388998552863102365e-01
1.348142116000466961e-01
3.069708995211345437e-01
1.327861111828201879e-01
-1.000000000000000000e+00
-1.000000000000000000e+00
4.336084869066991754e-01
-8.491754264137901798e-01
1.000000000000000000e+00
1.000000000000000000e+00
4.899828088972508211e-01
1.000000000000000000e+00
-1.000000000000000000e+00
-8.039120881608519120e-01
3.215697000177014098e-01
1.641574535019992842e-01
-8.645685421396573922e-01
-2.161173373141655196e-01
-4.050880316930560721e-01
2.856605610643835336e-01
-3.557289645421072288e-01
-7.515982851406519671e-01
-1.825900867976137376e-01
1.000000000000000000e+00
9.943907895738175462e-01
-8.784695711340211322e-01
