-5.431516686253743398e-01
-1.000000000000000000e+00
-6.576350502498933270e-01
1.000000000000000000e+00
2.942866279007909647e-01
2.400854120556268345e-01
3.756663115521369223e-01
7.103748933349934847e-01
1.000000000000000000e+00
-9.667733049245937904e-01
-7.395996103270963129e-01
6.849680876618454706e-01
-6.388194812570827663e-01
4.314888302779062990e-01
1.000000000000000000e+00
-7.092440956761716375e-01
1.000000000000000000e+00
-1.000000000000000000e+00
-6.339170314839966958e-01
1.000000000000000000e+00
-7.752498232652600407e-01
-3.291220557059097995e-01
-2.529409096619167352e-03
1.744234002887039559e-01
6.697353525027021082e-01
-1.000000000000000000e+00
6.837902501807049394e-01
-3.698590315832190889e-01
3.072446595734086294e-01
6.634588904189622216e-01
-1.860713391022500440e-01
2.412574619263679887e-01
2.110216938316257229e-01
4.358911237625189283e-01
-5.532584458262378435e-01
1.000000000000000000e+00
8.356129294870789925e-01
6.804403943988133197e-01
-3.484636570117949361e-02
8.262168045354771895e-01
1.454525567670648667e-01
5.185965965991601659e-03
1.000000000000000000e+00
-1.000000000000000000e+00
3.744586957921000603e-01
8.017297889651299192e-01
-2.985270509272301420e-01
1.000000000000000000e+00
-6.269218424041582693e-01
3.120137259773017036e-01
-5.838667133270565301e-01
-2.164297858628072557e-02
1.818524701169588198e-02
1.000000000000000000e+00
-1.000000000000000000e+00
8.455810225985809225e-01
4.411191751591347909e-01
-4.619257549443585020e-01
1.058246623418875321e-01
9.199690328669327677e-01
-1.000000000000000000e+00
-5.290304765563583755e-01
-9.575224545103424578e-01
1.000000000000000000e+00
7.443659653341189175e-01
1.000000000000000000e+00
-7.121422944517477038e-01
-2.361581207002478866e-01
3.862565895609485489e-01
4.297025911325580427e-01
-5.508498373032567619e-01
3.956332023207306259e-01
3.954185319774470297e-01
8.409142664128268496e-01
1.000000000000000000e+00
-5.467700257847638579e-01
1.888315699509326429e-01
5.444367592372525433e-01
3.606166606398153451e-01
8.471180369426031254e-01
1.000000000000000000e+00
2.899654800681135125e-01
7.144770170830387901e-01
6.575196194922370285e-01
5.703749904934085624e-01
1.000000000000000000e+00
3.322373865079988886e-01
1.000000000000000000e+00
-9.380365639077190565e-01
3.401575609389964061e-01
-1.000000000000000000e+00
-1.916633500469308027e-01
-1.000000000000000000e+00
-4.521094810869820679e-01
-6.391193193460085187e-01
-1.000000000000000000e+00
-4.911160319034780231e-01
-1.000000000000000000e+00
-2.795087979173097037e-01
7.696267249880872630e-03
8.389320154845534283e-01
-1.000000000000000000e+00
1.000000000000000000e+00
-5.245077109531124382e-01
-6.496485553413301473e-01
-7.261435887013791834e-01
-6.680107270230084549e-02
-1.000000000000000000e+00
-3.144850511388268544e-01
-1.648749251016826678e-01
8.913059117990427271e-01
-1.522624113017187475e-02
-7.174565902658197603e-01
1.107580421819054362e-01
-3.749768769015852099e-01
-1.000000000000000000e+00
2.037508158060322705e-01
6.669852637445639054e-01
-1.617762514862215451e-01
5.752882116245102706e-01
4.693348799855351361e-01
-7.841762184449069251e-01
3.664546017880088713e-01
3.773832000267822728e-01
9.676039853531516188e-01
-2.422956500923971745e-01
1.000000000000000000e+00
-1.000000000000000000e+00
-4.890811945622155488e-01
-9.873082156000816401e-01
1.122598196303537244e-01
3.124622269326193802e-01
-1.977285304723198078e-01
-1.000000000000000000e+00
-2.643074000604728191e-02
-7.543209368615602650e-02
-6.246166386980911422e-01
-7.270926733703790834e-01
6.246178343333570471e-01
3.352220797527590002e-02
4.028584739490629341e-01
-1.000000000000000000e+00
-8.129519228787892571e-01
-2.914450189010531211e-02
-1.000000000000000000e+00
4.705326255539580838e-01
-2.982011529970414188e-01
-1.000000000000000000e+00
5.801307166599949383e-01
-9.973464302610552945e-01
4.514472915551281940e-01
-7.779978281778343607e-01
5.877606757058602138e-01
6.007074982051769929e-01
3.627018235057394846e-01
-8.543293927820860834e-01
6.438400611621042380e-01
5.069176696679300598e-01
-1.000000000000000000e+00
-1.000000000000000000e+00
-1.000000000000000000e+00
-5.609240004038980043e-01
4.200577737797551725e-01
-5.447356673037218044e-01
-7.314549633771381121e-01
-6.018445747680992719e-01
-1.000000000000000000e+00
1.000000000000000000e+00
3.526029053676935643e-01
-1.921760064746044216e-01
-7.185593601393105434e-01
-1.746480903859062850e-02
-1.000000000000000000e+00
9.058844884414548604e-01
5.659034050776958757e-01
7.236139193277214554e-01
1.000000000000000000e+00
-9.220146134863693721e-01
1.000000000000000000e+00
-2.046844809526463527e-01
-1.000000000000000000e+00
1.000000000000000000e+00
2.010162745035325993e-01
6.437760802596614873e-02
-2.332851726634732614e-01
8.309584666449973955e-01
8.920609200517877202e-01
-1.112747308173931415e-01
-6.691023700092020299e-01
4.316342756996170982e-01
7.379304905973832485e-01
-9.709526772155724350e-01
6.593107719742374861e-01
-1.105796195322454323e-01
1.000000000000000000e+00
5.019495462394106822e-01
-5.020490429297781443e-01
2.751716924830892586e-01
-2.952179834078538789e-01
-5.515752614422877453e-01
2.340922648607479672e-02
-4.999402418548570259e-01
7.317181640754734095e-01
-9.177461911461435307e-01
3.478600806413357782e-01
-1.787763851143921445e-01
8.226889335417483240e-01
3.159696560513696739e-01
5.326930546656940546e-01
-3.818908058392047611e-01
-8.184926116560901077e-01
1.105351133090635152e-01
1.579370021814827663e-01
1.000000000000000000e+00
8.216269524636832244e-02
-2.245207180948217696e-01
-7.424525107891261078e-01
-5.792134072265091582e-01
1.000000000000000000e+00
-2.787465352793764839e-01
-1.666573222613622618e-01
-9.801691590839836099e-01
-1.000000000000000000e+00
5.326035185935807936e-01
-5.670126220545856910e-01
-5.597177060712777985e-01
2.323900279997102025e-01
-7.690418079876386592e-01
8.283066084827968023e-01
4.832749212226759850e-02
-9.695936016017099313e-01
-1.981055683462472627e-01
9.984591726982440241e-01
3.373998256551582475e-01
4.422516565802351307e-01
-2.004896534415118725e-01
8.776805385234370815e-01
-2.634667058516731997e-02
1.000000000000000000e+00
8.877293707683719948e-01
3.075161791584252180e-01
-7.745514422847565861e-02
-5.191784693636380954e-02
-7.231046968814096587e-01
-1.136421892462464722e-01
6.806792434738571096e-01
1.000000000000000000e+00
1.000000000000000000e+00
8.189215578436348508e-01
-7.065475834726185900e-01
-5.497232463305993244e-01
-1.000000000000000000e+00
-6.599790599097190569e-01
4.960449429893132867e-01
-4.002512181994913876e-01
-4.876830386199855205e-01
-1.000000000000000000e+00
-3.955439637737800940e-02
2.363067523535311021e-01
2.554050147518501790e-01
-6.601490014263535766e-01
-1.000000000000000000e+00
6.543589972982090108e-01
3.716951137330445354e-01
8.618111817954752230e-01
