3.885843190038968942e-01
5.017721174715601418e-01
8.971940059490248753e-01
-5.130450138038391561e-01
-5.766195570292953487e-01
-7.504559529878105373e-01
-4.313020138624672484e-01
-9.003814290214673388e-01
-6.928385354371890958e-01
-7.824033341698315436e-01
2.672648768469978453e-01
3.549216762055902308e-01
-8.352924922910003325e-01
-2.361703208037131407e-01
-8.703350644946314940e-01
4.433803920958574452e-01
-3.106401300986394443e-01
-9.737403335147589711e-01
-4.571326656783369913e-01
7.061439770717921061e-01
8.477007419064059857e-01
5.396255961216676056e-01
7.168999149575210339e-01
-7.211906394045859425e-01
-1.810379507358950146e-01
-9.390817774790800598e-01
1.282222296093672442e-01
-1.036158414377428283e-01
7.966295401702216950e-01
-8.821127041161447302e-02
-4.301514932457990437e-01
5.577465236663603498e-02
-4.651842506878298700e-01
7.329446830608383756e-01
-9.529007204179984480e-01
-3.492968090368022693e-01
3.389433892136670678e-01
-1.490365112685618776e-01
-1.540059891645317869e-01
-6.541451502625106329e-02
-1.191394975087411989e-01
-1.300598864997433157e-01
-7.336876187355048096e-01
1.271265013491738038e-01
9.261086731513745729e-01
2.139938621865811186e-01
-3.738832959266755740e-01
-3.326269262834926632e-01
-2.213042155451205861e-01
3.014503905374548154e-01
-8.217875411307740130e-02
8.846377236436429037e-01
6.041661770826050049e-01
-4.114052759867330433e-01
3.129089806428164700e-01
2.132941337967568796e-01
4.455224442936067675e-02
-2.797610603039881738e-01
-8.763859266047748786e-01
-6.144427452690748304e-02
-8.865521528535573736e-01
-5.200021249230970533e-01
-9.419196375923259978e-01
-2.274798705344382999e-01
-3.378606757330022692e-01
8.764281112150933417e-01
-7.462480454734392588e-01
-8.601992935698099529e-01
4.823319953669948923e-01
-8.136400662673857198e-01
-8.634956670373261645e-02
5.381154895382060932e-01
1.790509873095516014e-01
3.130274106022381542e-01
9.323011912815437618e-02
1.790853073277176577e-01
-1.961126371971784188e-01
-9.700155253536690836e-02
-8.905086222809954766e-01
8.055257882535002967e-01
3.821072106727707585e-01
3.589051402813163705e-01
-8.012466927688635110e-01
3.268464490027365166e-01
5.170425157251294923e-01
6.516138477213677671e-01
-5.717585673323544171e-01
4.722271316969739452e-01
-7.476802136028266599e-01
1.001847004788984918e-01
-9.059311557558571426e-01
2.465906995594235873e-02
2.246043269371367224e-02
-7.450019335035342749e-01
2.923290146711270410e-01
7.211060844953520732e-01
-6.984474564373968075e-01
-9.825172933267354303e-01
-2.879182026862243671e-01
-2.964656953730244737e-01
-7.291974913788714652e-01
6.139925817956390919e-01
-2.560177944496089264e-01
-2.976078836625375423e-01
4.215805976213662376e-01
-8.786941290496359525e-01
-1.943062075232471209e-02
3.162853383000696628e-01
3.624204881538726220e-01
2.055850322369794370e-01
6.018202664448879524e-02
2.124074368623354303e-01
-9.559688659372942432e-01
-1.800885344541915956e-01
-7.791192724428714911e-01
3.314208495614656691e-02
-7.405992404630412640e-01
3.386708626431997882e-01
-6.658274343216441515e-02
-8.993425280803546418e-01
-1.449065899145565162e-01
-7.855441167891712428e-01
-4.196708696133084615e-01
1.853192533410337184e-01
5.911190672909127919e-02
2.989512962403464424e-01
1.527235458604465634e-01
-7.432369971177044121e-02
4.168987765250229405e-01
-3.290804595249168241e-01
-2.338138436248782259e-01
-3.758139569031260230e-01
8.242456914991580508e-01
-9.536882027531639050e-01
-7.265188435624554408e-01
1.815300855371611011e-01
-2.077180093420913920e-01
-6.193904261501870234e-01
-6.013917267304824676e-02
-7.436742326290466387e-01
2.658271072086044740e-01
9.124453151989215804e-01
8.793094420150717738e-01
1.315208401063261423e-01
-5.250472784442519192e-01
-6.500479226183577541e-01
5.470837167621207531e-01
5.580673088124779024e-01
3.829926992593002399e-01
9.870287820392391609e-01
-3.530754735112564546e-01
-1.771310417198965759e-01
6.937210431488893825e-02
5.042395841440103776e-01
-4.520839928322568646e-01
6.533269181882650489e-01
3.473762641887703229e-01
-4.451973473064818609e-01
-8.273345327809495942e-01
5.516747028557702492e-01
-9.695746950288404165e-01
1.177472934448182684e-01
-7.156133764635981276e-01
7.627460294433379140e-01
-7.188822644703152243e-02
-8.788529763395820371e-01
1.945356847847585779e-01
-9.606314086517750983e-01
1.339252417783238780e-01
-7.477219677998603320e-01
1.868162555790739976e-01
6.457203467240255623e-01
6.350078453051637428e-01
8.956273301153225841e-01
9.600279117003249763e-01
-4.656462727688901460e-01
4.776886906740138716e-01
-4.302892675964105074e-01
-5.987847087432414117e-01
8.609916794308449806e-01
7.088377915487031888e-01
1.634377830810436194e-01
-3.349919163133032729e-01
-2.081852725652744152e-01
-3.791229063305190383e-01
-7.546607198739170297e-01
-8.615449138537758511e-01
-2.897731819315130242e-01
-6.320734940162195947e-01
8.026547517431947831e-01
-4.327146568153295014e-01
-3.469885018522069764e-01
2.114695958597661019e-01
4.708337184469182368e-01
-6.154238955300481706e-01
2.640974881726432244e-01
-9.373070284268527619e-01
-4.118209551896712117e-01
7.123081218743081422e-01
-3.620155122630561717e-01
5.559928817988930572e-01
-2.778973383516538664e-01
5.476151367484478616e-01
1.712636231624553584e-01
-5.544556855137070528e-01
-1.314148868274791493e-01
-7.687995175960504746e-02
-4.335167446308123562e-01
1.248661809151239144e-01
-4.331136751813591257e-01
-7.372563346808536089e-01
-9.399539144665247647e-02
5.653457233254823855e-01
8.277551854088367467e-01
5.990637313474516112e-01
-7.639438779471510177e-01
7.522295785784385291e-01
-6.286276984889827002e-01
2.213127084169117520e-01
5.802282416988195912e-01
-6.280394404596569835e-01
9.023566819642849790e-01
7.209381899472466770e-01
1.148780921242982256e-01
9.991292358364491921e-01
-8.624980963167230286e-01
-9.989038857059169274e-01
7.249655089566071631e-01
9.938802137783779855e-01
-4.460722145074151879e-01
-5.643436318184322786e-01
-5.921484984773885962e-01
-9.690399386021104622e-01
5.686335047337072179e-01
-5.250437984593445684e-01
4.885484864300377872e-01
-8.631761300452742702e-01
8.226973938657455854e-01
5.758793225502873980e-01
4.718155465481845834e-01
-7.019205750773973573e-01
1.020786962443673840e-01
6.066594596894294700e-01
4.435040223531707682e-01
-8.264336595754719905e-01
-9.193540908633213160e-01
-4.719963775244000459e-01
-9.266638508967750543e-01
-6.428051336140141458e-01
-3.855105931311513245e-01
-2.702310049817329141e-01
7.327303276970116297e-01
-1.860954006892865387e-01
5.544545500801871807e-01
6.004747275128046180e-01
3.215535165025829034e-01
6.464369462542602918e-01
-9.072559811017812947e-01
5.381499555828291870e-01
1.139137016363889199e-01
-4.795609046563991118e-01
-7.575090185066741810e-01
4.415943343590251757e-01
8.973456875306662361e-02
7.231661916475076168e-01
