-2.945017839504058266e-01
2.939916961798182959e-01
-1.194825023420031523e-01
-1.000000000000000000e+00
1.214563780825354544e-01
-6.019258568280390076e-01
-1.841682678542080898e-01
1.000000000000000000e+00
9.907550153881958810e-01
-5.035439466948343767e-01
-8.978029477333405728e-01
-7.229977309788633288e-01
1.000000000000000000e+00
-1.000000000000000000e+00
9.508281546401131656e-01
-1.254055075283391774e-01
-8.024011531947633502e-02
-1.822227786672241390e-01
4.094620025134436681e-01
-4.877718069766947551e-01
1.393062040425442905e-01
-1.000000000000000000e+00
-8.657113946020109641e-01
8.251714717507174779e-02
8.899129185273739751e-01
1.000000000000000000e+00
7.598046138760281565e-01
3.617536579827314025e-01
7.672702239392548140e-01
2.553764227034824308e-01
-9.415003133272109581e-01
-5.395587151654834823e-01
8.466067034590707419e-02
1.530163854644669419e-01
-5.948585643935926370e-01
1.000000000000000000e+00
1.978436446348806055e-01
5.576824641502103885e-01
3.608268612904008688e-01
-8.990056514375046604e-01
-6.320949831149503817e-01
1.000000000000000000e+00
-1.397551347033525737e-01
6.318106143083674908e-01
-1.854794519805423314e-01
9.046393078567628310e-01
4.981103659610242040e-01
-3.581808942581499733e-01
2.177860067519901688e-01
-7.287188485694982010e-01
1.000000000000000000e+00
-1.082663033064388269e-01
8.211023551771466922e-01
-2.898213113713424272e-01
-6.272584066425295202e-01
4.335760422851763218e-01
-9.950173852700864296e-01
2.966798108383413846e-01
9.075041350186342504e-01
7.711802793803551603e-01
1.000000000000000000e+00
1.000000000000000000e+00
7.252579020138807397e-01
5.805004961682993514e-01
-1.000000000000000000e+00
1.000000000000000000e+00
4.648037564046356152e-02
1.000000000000000000e+00
1.000000000000000000e+00
-5.521357428749817942e-01
3.275075552019775238e-02
-1.929994564292801806e-01
8.152242763797928893e-01
-1.948879141000136594e-01
-5.046527941116913940e-01
-9.350938260251159262e-01
-1.226916336202933944e-01
-2.486137733077237177e-01
3.577838143338570864e-01
1.000000000000000000e+00
1.000000000000000000e+00
-7.212068425196287436e-01
1.000000000000000000e+00
-6.827815885752530622e-02
-8.186466395602612911e-01
-1.000000000000000000e+00
2.573520607381876157e-01
3.784614291125188990e-01
-3.224389005437688915e-02
4.102375444161563967e-01
1.295319369299449130e-01
-5.362141457948305101e-01
-1.794518407735645749e-01
2.069047162459723421e-01
6.724430479482566003e-01
3.535263285772098363e-01
2.959520395103221180e-02
7.840543204981227365e-01
-1.127113190348680294e-01
-5.611540609760805598e-01
4.248843347235647383e-01
-4.134281739882169626e-01
-6.878006546855097714e-01
-2.622850453719467456e-01
-9.617377547031682461e-01
-2.304726977184073378e-01
2.919909086577057167e-01
4.355218577656435608e-01
-9.731744237655002294e-01
1.000000000000000000e+00
7.929382988400333065e-01
8.120345074238602967e-01
-2.162549782369726226e-01
-4.740514255621829376e-01
4.796401620629961449e-01
-1.000000000000000000e+00
-1.000000000000000000e+00
7.744426928332378557e-01
-1.000000000000000000e+00
6.042341507162458658e-01
-9.949509085982798373e-01
2.809878431908345853e-01
1.000000000000000000e+00
-7.070671088020458184e-01
-5.094778937340245228e-01
7.109287383289973894e-01
-2.908285703720321913e-01
-2.531803320269956914e-02
-2.187432187998595012e-01
1.000000000000000000e+00
-7.836584909465462712e-01
-2.874948388339055860e-01
-5.394480839130810779e-01
4.640853094086907493e-01
8.104016217530460864e-01
1.020651211660362212e-01
4.534582892384567687e-01
2.341815776802103066e-02
1.185180130569408741e-01
-1.669359940336696824e-01
-1.000000000000000000e+00
3.688114279492441527e-01
-2.352415940444865239e-01
6.828879349618767192e-01
1.000000000000000000e+00
9.145116359654068550e-01
-3.819297237650816079e-01
3.656138159660679010e-01
3.082195520541090583e-01
-1.000000000000000000e+00
-5.932217735127565117e-01
5.221514122909329814e-01
-1.000000000000000000e+00
2.413681016089984643e-01
-6.235516551490498660e-01
-1.640830991656078153e-01
-3.748318751374013491e-01
8.101809656736607135e-01
8.750584385004256394e-02
-1.000000000000000000e+00
2.606423719129578043e-01
-1.000000000000000000e+00
-1.000000000000000000e+00
-8.799528810453649541e-02
1.000000000000000000e+00
1.000000000000000000e+00
-9.747529594956941268e-02
-2.643408421402055342e-01
-3.603325922058681630e-01
-5.770578740904480641e-01
-4.647888948486579297e-01
-6.882458863953657691e-01
8.939376235183099650e-01
1.000000000000000000e+00
4.480946900223049534e-01
1.000000000000000000e+00
-6.971325587469701102e-01
-9.248522639322250827e-01
8.073442897279971275e-02
6.905085846528628002e-01
1.121067826784612476e-01
1.000000000000000000e+00
-8.886063835440354275e-01
1.220937728338171713e-01
1.582727859973852291e-01
2.639844831217327270e-01
-8.250659211768947010e-01
-2.606700253336214912e-01
1.000000000000000000e+00
-5.943535392775467496e-01
-1.814871696163643522e-01
-2.779776433866371077e-01
-1.000000000000000000e+00
-6.646137150003932348e-01
8.940449584131395788e-01
1.918129153343786086e-01
-1.000000000000000000e+00
-1.000000000000000000e+00
-1.000000000000000000e+00
-3.038538644213258921e-01
3.857725617456008171e-01
3.222919715267779650e-01
1.000000000000000000e+00
1.000000000000000000e+00
1.000000000000000000e+00
-1.000000000000000000e+00
-4.373772458565578503e-01
-6.862391281500646034e-01
2.686954711919465888e-01
1.264345209456136931e-01
-1.000000000000000000e+00
4.539057264471872966e-01
6.794912303370718165e-01
5.440404291203173592e-01
1.824777252640583658e-01
1.000000000000000000e+00
-1.000000000000000000e+00
-7.587329668915834269e-01
-3.729452669653604002e-01
4.198015027790047426e-02
-1.000000000000000000e+00
2.067113183001936805e-02
8.167280136721233319e-01
-1.654223673154317509e-02
-1.000000000000000000e+00
1.000000000000000000e+00
-3.739051974957099400e-01
-1.261373086043793834e-01
9.598580142872263909e-01
-1.090216346321726260e-01
-1.000000000000000000e+00
-1.532216770679289408e-01
8.239781975708913020e-01
-3.110773639194517326e-01
2.529016220487789735e-01
-7.021818148684154659e-01
1.000000000000000000e+00
-1.000000000000000000e+00
9.985042478356883633e-01
8.671905661317901304e-01
-4.040577241906283534e-01
-1.577657565960265823e-02
-2.872886277474128169e-01
-4.758735185004653312e-01
-1.246457167705357083e-01
-4.056741037096075475e-01
-6.094280037545873885e-01
1.000000000000000000e+00
2.618291200398115137e-01
-3.378870222903204157e-01
-8.479045460315602911e-01
-1.500034276286563717e-01
5.621251929912964851e-01
4.985619279214492661e-01
3.692786482268153869e-01
-1.000000000000000000e+00
-1.000000000000000000e+00
1.000000000000000000e+00
1.216490278047753781e-01
-7.896035701928013628e-01
9.367329045338894655e-01
-1.000000000000000000e+00
-1.195236140666659959e-02
1.000000000000000000e+00
1.000000000000000000e+00
