3.217308835909840070e-01
-5.504425666261074657e-01
1.073335439062080288e-01
-5.783605254638057858e-01
-6.034055111438076935e-01
-2.413304066373966883e-02
-7.942843321472075058e-01
6.838047999615154415e-02
-1.000000000000000000e+00
4.632129958674772174e-01
-8.449099869759879589e-02
-1.000000000000000000e+00
8.687904227546301428e-01
-1.000000000000000000e+00
1.000000000000000000e+00
-1.000000000000000000e+00
1.000000000000000000e+00
3.951189994578722664e-01
-1.000000000000000000e+00
2.939284559125067142e-01
-1.000000000000000000e+00
-1.911455125221114826e-01
-1.569660133725770956e-01
1.000000000000000000e+00
7.631088888358306122e-02
5.950372526883664914e-01
5.958644079571294716e-01
-1.309438114586367607e-01
-2.378053898824283863e-03
-5.369142637135395635e-01
6.091682196941220484e-01
1.000000000000000000e+00
2.669790500840204528e-01
3.497605936303782581e-01
-1.334210650507727802e-01
1.000000000000000000e+00
5.725562598707046869e-01
-8.773115195123882826e-01
1.043665784810110519e-01
-1.000000000000000000e+00
-2.590406570322607571e-01
1.000000000000000000e+00
8.251249662821951159e-01
7.682777558839453125e-01
1.000000000000000000e+00
-7.103964237633773049e-01
-1.000000000000000000e+00
-4.676022470662174468e-01
-5.322194185757002094e-01
1.000000000000000000e+00
-1.828501854924941550e-01
-4.856693081308884330e-01
-9.557211777375307360e-02
3.349886843390001423e-02
-7.753532527580198064e-01
-5.354841741432559976e-01
6.380890075162342079e-01
9.984908792193991633e-01
1.000000000000000000e+00
-5.001258607756858821e-01
1.000000000000000000e+00
-1.303445254875890136e-02
-1.000000000000000000e+00
7.383183221867577473e-01
-1.000000000000000000e+00
7.054249970874673092e-01
9.790505516597689528e-01
4.574680474947854236e-01
-1.360765520041410381e-01
-2.303961079590335637e-01
1.452762092480173184e-01
-4.526106714171082013e-01
-7.173143937249952806e-01
-1.000000000000000000e+00
-4.015913184705486305e-01
-1.000000000000000000e+00
1.000000000000000000e+00
5.966885332786123763e-01
-8.094401527712689060e-01
-9.559220089078248606e-01
9.062783373376300800e-01
-5.155263220000970703e-01
6.697479340122558522e-01
8.363084503031397166e-01
1.853967583765843141e-01
9.898374414526451837e-01
4.706502021622254173e-01
4.529709930823161423e-02
-3.450203841506441216e-01
-5.298594938210003935e-01
-2.259257465450133506e-01
-7.913759563936292873e-03
-2.939057533416287171e-01
-5.622597430254661077e-01
-1.565670766380916623e-01
3.717882436512274236e-01
-8.365473589954943723e-01
-9.861086942575458814e-02
-1.775843112752756303e-01
-4.496969119486902700e-01
-7.295429727847780876e-01
-3.657292277560286742e-01
5.031066346049316573e-01
-9.629895729245172564e-01
-8.505197569715758910e-01
5.796057899623542342e-01
-1.000000000000000000e+00
-3.341133288053574901e-01
-3.608453796546097214e-01
-3.731644868959478334e-01
-4.279574571058151200e-01
2.861996722334867460e-01
-2.516332419512221641e-01
-5.297482901330059502e-01
1.247810070056294129e-01
7.413018810105298506e-01
-8.000505331899137040e-01
-1.000000000000000000e+00
5.980196030947513286e-01
-4.067128908374032514e-01
-8.632286498885601844e-01
8.691061964432269527e-01
6.001899246172546221e-01
1.851180864214122535e-01
-9.034084555222906543e-01
-7.221847449109747297e-01
9.635035115093347757e-01
-8.224965303041711362e-01
-5.343033710429397898e-01
-2.192084735940907358e-01
3.032250030640143423e-01
7.057225482800122407e-02
5.329619331770623081e-01
8.802517307104090749e-01
1.000000000000000000e+00
9.281219065530105228e-01
-1.000000000000000000e+00
-9.965082840798049624e-01
1.000000000000000000e+00
-5.741783400895970058e-01
7.124764632691663602e-01
9.917758054093501752e-01
1.000000000000000000e+00
7.365383282874632398e-02
-6.549387809419632278e-01
5.189657277175062644e-01
-1.000000000000000000e+00
9.165613287337577297e-01
-9.017214950663897666e-01
9.195764296911205227e-01
-7.212085835198931427e-01
-9.765592537304002008e-01
-5.662086365186292936e-01
4.043897503127347193e-01
1.000000000000000000e+00
2.919232876002622046e-01
3.490194336402111519e-01
-4.417472679269832669e-01
-4.292336238089458078e-01
7.891957051264987255e-01
-2.468570292031519176e-01
5.922122868453516542e-01
-9.587734771345413076e-02
-8.209489631297364198e-01
-8.316750366408491857e-01
-8.759892457619689043e-01
1.000000000000000000e+00
5.986291758731410173e-02
-1.000000000000000000e+00
-1.000000000000000000e+00
1.989407620643590668e-02
5.738408581279933474e-01
1.000000000000000000e+00
9.953926476039256510e-01
-5.141506582056292185e-01
1.000000000000000000e+00
-9.280867166854690486e-01
-9.889806351271110962e-01
1.486156431260174382e-01
-1.000000000000000000e+00
-4.114726268147983479e-01
1.000000000000000000e+00
-6.132684988204007981e-01
-6.817676275466035829e-01
7.739127841174634481e-01
-1.261889782977108632e-01
8.514886680263420438e-01
6.882236481062095068e-01
-7.580466244790162733e-01
-1.184080225979594891e-01
1.000000000000000000e+00
-3.004271099072022277e-01
-4.822552519337125476e-01
3.551756759267341579e-01
5.661820638116012994e-01
3.848720333341407729e-01
2.020642126731813093e-01
5.165401026315183941e-01
6.551418130078155988e-01
1.000000000000000000e+00
1.374425363356088781e-01
7.707194871782000467e-01
2.563561199670199020e-01
-1.000000000000000000e+00
5.297024450422901376e-01
-4.697097452848896237e-01
8.845798680139017600e-01
-3.365202636248620927e-01
-1.000000000000000000e+00
2.573829821341495627e-01
-3.934847234026762619e-01
-3.205851289475434296e-01
1.000000000000000000e+00
6.549220992813964415e-01
2.751634751227868825e-01
9.099867530535488136e-01
-8.344449496103785169e-01
-3.119739563471173871e-01
8.891423147958557038e-01
2.794325497293889127e-01
-2.638723234667647022e-01
-1.787907202950865804e-01
7.459148725287437776e-01
6.068509622398421399e-01
-2.988850715926119617e-01
-1.000000000000000000e+00
3.185170673847996237e-01
-8.290719395294615657e-02
-7.150151177605473807e-01
1.000000000000000000e+00
9.483283269238227398e-01
1.000000000000000000e+00
2.851900733266095056e-01
1.000000000000000000e+00
-3.125491807726737958e-01
-1.000000000000000000e+00
1.000000000000000000e+00
5.663213522277119605e-01
6.026598402388582132e-01
4.580424110752974176e-01
-1.000000000000000000e+00
-8.027545944506798703e-01
-1.000000000000000000e+00
1.489066033922095689e-01
3.885250115617261968e-01
-2.756014476498963583e-01
1.000000000000000000e+00
9.374952372565521497e-01
-8.801947042321855985e-01
1.000000000000000000e+00
3.261822668655960933e-01
-6.784034751682541664e-01
2.305363680655446723e-01
-4.142820421134363329e-01
-7.238291938951025850e-01
1.832504279729658681e-01
-4.035250431066727539e-01
-6.739257197827949186e-01
4.759843631067039449e-01
-5.128746160034545198e-01
1.255782406632392489e-01
-2.201159235133600678e-01
8.552948872067818176e-01
6.921215191000468225e-01
7.435236044615327611e-01
