3.517063074227447794e-01
3.776463631909914853e-01
-6.820360799564140208e-02
-3.532082533085708076e-01
6.827921962366334530e-01
-2.069849477229852575e-01
9.649017099306476108e-01
5.808527253660704659e-01
4.925817618997776481e-01
-5.016869752823018835e-01
9.311159535703488199e-01
7.428466250403464866e-02
3.254260770307710882e-01
-7.455485278508255931e-03
4.314107997219900348e-01
-7.897675846364393681e-01
-8.814282913034297007e-01
-9.142754383619455805e-01
-7.642815454946991771e-01
1.316919141741792476e-01
-2.112747651678847371e-01
1.674861323435432592e-01
-3.491963717641954901e-02
3.116223815272542441e-01
4.594413138520338502e-01
3.704751387442419830e-01
-4.836751773097557328e-01
-3.374748702946510637e-01
-2.513477204547987509e-01
-5.084366042756109927e-01
-4.661455148720685671e-01
-3.013075998056616300e-01
-5.464889303042052004e-01
-9.333235165478832585e-01
-5.779564272168902228e-02
-5.217762411838209324e-01
-1.000000000000000000e+00
1.000000000000000000e+00
1.233196850613445528e-01
-8.769119602262565039e-02
-8.423013934626693011e-01
-7.925278740412609046e-01
4.594954359093084140e-02
1.000000000000000000e+00
-1.000000000000000000e+00
2.024528512715509931e-01
-8.523835012660652133e-01
8.547747524923575702e-01
-9.085575656292592672e-01
7.036983735349373881e-02
4.837805769548952917e-01
-8.779656248674347907e-01
-9.203998287092629571e-01
6.444552927912053919e-01
-7.700583639828225690e-01
5.311632156986134667e-01
-2.117773455280117789e-01
1.000000000000000000e+00
1.598403637683916134e-01
4.286492057279046586e-01
4.465290225950228065e-01
-4.920489856083211100e-01
5.227403835076485095e-01
-6.262982764867202068e-01
8.466295357992841275e-01
2.408139486522788419e-01
5.168648045913706301e-01
5.101990387504828917e-01
7.006801242050663125e-01
1.923331837750132944e-01
-4.616801534655214367e-01
7.004255700015514785e-01
3.692385811004894602e-01
-6.764746554892808739e-01
4.507218349616017861e-01
4.705756027651809559e-01
-5.485994773310831629e-02
-1.573736662358193872e-01
6.119126871561256786e-01
-1.786483052881028266e-01
-9.139342150027500722e-01
4.130882494741299205e-01
-6.831419247318468169e-02
3.503949314534910986e-01
-6.622783835434620237e-02
3.434889873453930154e-01
3.328898905660859775e-02
-7.828912135612673406e-01
-1.686437755366070324e-01
1.000000000000000000e+00
-8.320374861762704910e-01
3.044721788533701901e-01
-9.134945263816521277e-02
-2.916455342521226957e-01
1.000000000000000000e+00
-1.000000000000000000e+00
6.084368656837068068e-01
-6.319036693073483146e-01
-2.063300992989607341e-01
1.000000000000000000e+00
6.221947977349606695e-01
1.000000000000000000e+00
-5.595390292153785694e-01
8.425157848635482782e-01
5.337764657167252125e-01
1.000000000000000000e+00
-1.000000000000000000e+00
8.581786886528122160e-01
-5.007304013147939603e-01
6.662523632345851432e-01
-4.887535745568772905e-01
4.593293311888257957e-02
-2.708979395917689992e-01
-7.576232365592263651e-01
-5.613177334450849543e-01
3.985073825130781566e-01
7.399032395334936840e-02
-2.124612033050759519e-01
-1.000000000000000000e+00
-1.000000000000000000e+00
-2.680299450203440514e-01
1.985738402875050213e-01
8.405345354857876039e-01
3.555103830302819290e-01
-7.409459178919157729e-01
-7.983701727420805527e-01
9.220844989983443263e-01
3.155324515612032421e-01
-8.791811705664787091e-02
1.000000000000000000e+00
-5.628785254060386656e-01
1.000000000000000000e+00
-6.258088321218781003e-01
7.640958071991867939e-01
4.763359197360450548e-01
-1.000000000000000000e+00
4.967635618456866520e-01
-5.997758312224636956e-01
-5.347099295632817828e-04
-7.641460425379706933e-01
-5.378973764284804560e-01
3.506768232324042334e-01
1.000000000000000000e+00
4.872513487389278364e-01
5.009997301203534814e-01
7.753562641752262952e-01
-6.581139540992803072e-01
-4.670495871079739514e-01
-7.918872241842771498e-01
1.431505585516745782e-01
8.561266272718162096e-01
-6.206192097208966807e-01
-2.269857502287069284e-01
-1.000000000000000000e+00
-9.633775583773566131e-01
9.712416705969162400e-01
-3.234198822982343735e-01
-3.591406612793677233e-01
8.754069712439025430e-01
-1.831006173166832562e-01
5.961503180536192881e-01
1.000000000000000000e+00
8.456888801265971534e-01
1.576778381137011742e-03
-1.000000000000000000e+00
3.639313677673852165e-01
-1.908683642412998260e-01
9.386293833965266842e-01
-9.793997532846470122e-01
-2.680894505690784024e-02
6.051916844024129993e-01
-2.731535307656285383e-02
1.453779609579217702e-01
1.000000000000000000e+00
-1.000000000000000000e+00
1.791490560775125251e-01
1.000000000000000000e+00
-2.968298347958511219e-01
-3.226904984082902272e-01
1.000000000000000000e+00
2.650995306661063644e-02
-3.613812045318857136e-01
8.326046071742347898e-01
1.000000000000000000e+00
-4.212521109097433492e-01
4.806160078823632498e-01
-1.000000000000000000e+00
1.000000000000000000e+00
1.000000000000000000e+00
5.085688739070148845e-02
-6.850070565758841212e-01
3.927078568472039954e-01
-1.000000000000000000e+00
-8.917140993688215111e-01
1.225816458406705778e-01
1.698853933683275308e-02
-2.015251559220735955e-01
-2.453365360949189000e-01
-2.908027924099894079e-01
9.782554547887752916e-01
-2.693916770066613342e-01
1.260804179507779565e-02
-6.185816930364784749e-01
4.522874331364645784e-02
-7.814051720420043257e-01
1.000000000000000000e+00
-1.461505115235150476e-01
1.664058670344097102e-02
-2.286808890282689966e-01
4.615578616610273022e-01
-1.361877791064420862e-01
-7.165707558149935208e-01
9.327164260557496700e-01
6.812186756103335572e-01
9.624649344518909633e-01
-1.000000000000000000e+00
-2.975456415300770652e-01
-8.999928854117371646e-01
8.712341486009871350e-01
-6.494500836724893533e-01
-1.000000000000000000e+00
9.045245406510433739e-01
4.203654002293982783e-01
-6.969368470950643157e-02
-2.314139774677017591e-01
-1.000000000000000000e+00
-9.928218660469304568e-01
-5.323990451253254319e-01
-1.000000000000000000e+00
2.581409969282696393e-01
-5.690226775517212565e-02
1.000000000000000000e+00
1.000000000000000000e+00
-1.312162766024200788e-01
-7.411603289653965199e-01
-7.938277898818818512e-01
-2.642407784475440113e-01
-5.443296275882201218e-01
4.089453735807637713e-01
8.415714701795995456e-01
-9.384329945231151271e-01
-3.403677110649760973e-01
-7.835286676085100321e-01
1.000000000000000000e+00
3.319362611976284239e-01
-2.335425583315335896e-01
-6.176875255252978203e-01
-1.000000000000000000e+00
-2.071979689702985183e-02
-4.074379555120958840e-01
-1.000000000000000000e+00
-3.084568021255341685e-01
4.828312006655766098e-01
1.000000000000000000e+00
-1.223278258176279665e-01
3.365529071795325677e-01
-8.920106048153462197e-01
7.108582204439659602e-01
-3.226419277429741772e-01
-3.393534560577520232e-01
1.453834492771218234e-01
5.037134313634592520e-01
-4.920182741605481636e-01
1.000000000000000000e+00
5.385376960105636712e-02
