-8.015069950892248496e-01
-5.727395582543327590e-01
-8.843718530112476550e-02
3.093830616008190759e-01
4.563550089659951792e-01
-9.577902277626115790e-01
4.858442860961265097e-02
5.889817053860852969e-01
-1.000000000000000000e+00
4.795685564412313084e-01
-2.003042870165054889e-01
8.297210650996145187e-02
-6.748992680759819951e-01
-6.187674682819932492e-01
-2.138809602358542339e-01
-1.526971397432005592e-02
5.311432499012296304e-01
4.966409955628057205e-01
-1.000000000000000000e+00
-4.052979737841053698e-01
-9.794139795032141826e-02
2.063215595985141704e-01
7.399825722855553067e-01
6.503435395400182228e-01
-2.194218356327533037e-01
3.576952685908514895e-01
1.988271436567616846e-01
-6.816556394777044670e-01
-5.507386142578292176e-01
5.474334225360937278e-01
1.000000000000000000e+00
6.681681408132003064e-01
-6.540390550409411752e-01
-4.835460931415869190e-01
-2.349503560732664198e-01
5.554353382040601028e-01
6.578388332750688683e-01
-4.373612468463825564e-01
3.445587736859181405e-01
4.783287089758105903e-01
3.812084457516174973e-01
-4.232057923812899691e-01
-8.911810155209991535e-01
7.695450090230169238e-01
3.586269058925783959e-01
1.000000000000000000e+00
-8.093090729319623033e-01
1.064863613647644147e-01
-1.387817057696106304e-01
-3.451326054577296132e-01
2.984491174644405831e-01
-9.703150160034579308e-02
9.600614956060662397e-01
-6.815409384528331449e-01
7.935358325359473941e-01
6.784556213226682342e-01
4.154040123329767464e-01
-6.613538369507889758e-01
1.083670432881349566e-01
-3.399650992910035474e-01
-1.000000000000000000e+00
-2.719818937834184158e-01
9.255132801653642716e-02
-3.445889046934609290e-01
1.637708374149444701e-01
-6.325977573701013768e-02
1.899554000352124961e-01
-1.070066777148549475e-01
-1.503430885078014256e-01
7.012637561021765054e-01
4.298429736706000925e-01
-6.487827920581601404e-01
-4.954858354747866400e-01
3.860908026815907945e-01
-8.897412290264861134e-01
-7.548841290730223808e-01
2.232046689394335814e-01
4.354764039018836908e-01
-1.000000000000000000e+00
-7.178695970723008024e-01
8.995778068434168162e-02
-1.000000000000000000e+00
-3.242689412858125175e-01
8.554771828355036689e-01
2.020287623242900121e-01
9.351988529289005925e-01
2.773122118702125993e-02
-8.729064737318089628e-01
2.192584934834984622e-03
-1.248630055983019904e-01
-9.879581740297438408e-02
7.952408923273379671e-01
1.805274365029175820e-01
6.192070484634957239e-01
8.810522975460741701e-01
8.097835110089108834e-01
-1.000000000000000000e+00
-8.743763290274435551e-01
3.556330244553028153e-01
-5.383637139156646212e-01
1.238497293052665538e-01
-2.744396827764192803e-01
-3.646525594979039830e-01
1.000000000000000000e+00
-5.661701744750993193e-01
1.493854315481896733e-01
-4.333163204492644915e-01
7.038898265408958244e-01
-9.266848038626569473e-01
5.578956260235612419e-02
-3.748361501252857053e-01
2.125227574147010579e-01
7.754286875231368725e-01
-8.218646136974208094e-01
8.274828020817774910e-01
-4.588880735290933321e-01
5.523344283317561665e-01
2.744729688458060757e-01
-8.592169290231370660e-01
5.385285245691179279e-01
-9.426339874469837898e-01
-1.000000000000000000e+00
6.974791924602928850e-01
-1.000000000000000000e+00
-4.991135334739111862e-01
-8.674819872057093484e-02
-6.949171812569621132e-01
-7.395833485427976139e-01
3.092172694999384408e-01
-6.042734404431848727e-01
-3.112031975482598689e-01
-1.000000000000000000e+00
1.170395305683768761e-01
3.689872980347203707e-02
-6.877217714251547820e-01
6.738389644483484542e-01
4.290872932855288591e-02
-6.779841403287301116e-01
-4.826169578657750758e-01
-3.747153939592997585e-01
3.424797339499074944e-01
5.159562949633773599e-01
8.543720825514153905e-01
-1.000000000000000000e+00
6.446088064759549763e-01
8.314068571526820328e-01
-2.997057006112806565e-01
1.000000000000000000e+00
7.322305137273733555e-01
8.515763203469075560e-01
-1.697162730626763927e-01
-5.101450282106262391e-01
-7.325331169030445677e-01
8.217139510417645898e-01
-8.596732071829493727e-01
-1.000000000000000000e+00
4.526951415865205219e-01
-4.222467075729287034e-01
8.764734320326610373e-01
-8.280752268206950095e-01
-1.053225969212648327e-02
7.311956737617139046e-01
1.000000000000000000e+00
-3.161822129140516857e-01
-4.633933911819938523e-01
-5.950706963168914676e-01
-1.036410985103839444e-01
5.180099466391374641e-01
-9.890792681699087652e-01
5.580373945594103713e-01
9.071000998076534927e-01
3.301113633208241360e-02
4.440867577627469753e-01
3.497791492817083903e-01
-9.697193503177419238e-01
2.212717302300015731e-02
3.535143021802824581e-01
-7.783895826098847781e-01
2.493133446996671498e-01
7.130421441361287638e-01
6.657496016048198850e-01
-2.207605207266101210e-01
9.865145991489767674e-01
-8.630668305337914070e-01
8.329689737399028626e-01
-2.129714270624654127e-01
-8.088296540907103926e-01
7.060649782066557023e-01
6.109725127519682886e-01
-5.583723577409365202e-01
6.666339885799168474e-01
8.466008687621247031e-01
1.699118097161805285e-01
4.274902826103632592e-02
-3.991549034272345864e-03
-8.068863102775953866e-01
2.888647604872823793e-02
8.484104116615529545e-01
-5.372453353026327427e-01
-9.900214212772868727e-01
-7.394211634986135318e-01
2.780613068015993505e-01
6.830412989897204357e-01
-6.172025170804038563e-01
-2.180513559093195664e-01
-5.861940003565633273e-01
6.212392916219207084e-01
-5.240479539003202181e-01
2.613328814199544770e-01
-7.692616112563845920e-01
-7.265222221398832669e-01
-9.562409284158179812e-01
-3.649536680532855515e-01
-1.506303735392455767e-03
-1.785538015972506498e-01
-8.586450974307218154e-01
2.767524224526942689e-01
-1.624240012959385915e-01
-2.069103998416386148e-01
9.803601709834219857e-01
2.383559831954473740e-01
5.257703772907884598e-02
-4.524328789699010311e-01
-8.358252511735011492e-01
6.791893868420224578e-01
8.036321923660894040e-01
1.000000000000000000e+00
5.665482684518041712e-01
5.433555922162649487e-01
1.394898328678937371e-01
4.518897874401195391e-01
1.000000000000000000e+00
8.026324541609533014e-01
6.921752541956067706e-01
-1.375249043573962826e-01
4.298947496124128076e-01
-9.152810809020175409e-01
7.834669099746460752e-02
-2.178890389791487969e-01
-4.397059339270719125e-01
3.377824369434749840e-01
-8.655531407002081679e-02
3.331315634684091087e-01
-4.908263560467953646e-01
8.306869722310548099e-01
-6.272903357910086797e-01
-4.407093534296655513e-01
7.998311927821788458e-01
7.000404212870821041e-01
-1.715257436666133284e-01
-8.362379176140457560e-01
-9.904697212414623753e-01
-1.531531870469011736e-01
8.271680860514800671e-01
4.697737505802779268e-01
-6.069454919344841048e-02
-2.598028505867548965e-01
-7.135670475237632093e-01
9.498795881671866503e-01
2.788667468963570428e-01
-4.087013526064400271e-01
7.728346295037797908e-01
-1.853522879815512336e-01
9.063284809559646327e-01
-3.282636665360836870e-01
