-5.092086633007639751e-01
1.000000000000000000e+00
-1.000000000000000000e+00
-7.985335296316167231e-01
1.995132975611365045e-01
-4.953388860845391317e-01
3.565562795488210757e-01
-9.106074759405025087e-02
4.249596581647520077e-01
-1.000000000000000000e+00
-1.000000000000000000e+00
-7.197169263990420562e-01
-9.629739392776082152e-02
2.655056854993472770e-01
1.000000000000000000e+00
4.201006828843236729e-01
4.018861812729721539e-01
9.049482427093229475e-01
-3.148621864527285652e-01
-5.293503443857883184e-01
1.829741663109279992e-01
2.737578866961531965e-01
-4.270782103361869253e-01
8.751468068064073291e-01
4.443352244401174711e-01
-1.000000000000000000e+00
-1.786060061657378517e-01
-3.429556305138148353e-01
-7.283741302598417677e-01
5.971599030065427582e-01
1.000000000000000000e+00
8.735156456429926664e-01
-8.636008933357890438e-01
3.028974106955733547e-01
-2.760264172265869398e-02
-7.567614166241566354e-01
-1.000000000000000000e+00
4.638691028671182992e-01
9.123907105104553938e-01
-2.588684132490771672e-01
-1.000000000000000000e+00
3.280770324415521744e-01
8.967514914692125139e-01
-1.000000000000000000e+00
1.613008026289670660e-01
7.341119502015522880e-01
-8.955402355728778740e-01
-7.630287747973466539e-01
6.230799022868760417e-02
1.000000000000000000e+00
-7.197313612920047676e-01
1.000000000000000000e+00
6.005707954024873674e-01
-7.722505872517186898e-01
2.361148329215287112e-01
3.990157695795426562e-01
-4.041916741125413104e-01
2.288095414418911400e-01
2.856773607160989492e-01
8.141800105970793400e-01
-2.448936523784901453e-01
9.293239968454294897e-02
-9.732952624723172352e-01
1.000000000000000000e+00
-1.421181580171757552e-01
-3.471310251917084644e-01
1.000000000000000000e+00
1.720116084454311189e-01
2.939563560577496126e-02
7.593968291465006404e-01
-7.885508855622558322e-03
-1.866712139340292453e-01
-3.221319441222664781e-01
4.497277911567817976e-01
1.000000000000000000e+00
-6.728697959189384736e-01
9.642056237591710710e-01
2.313637436233291211e-01
-8.254317757679021650e-01
1.000000000000000000e+00
-1.519634562042808112e-01
-1.000000000000000000e+00
6.381060499024731048e-01
8.571129383068769592e-01
1.080934837230075884e-01
-7.799346452133140151e-01
-3.067444067358556792e-01
1.350386995743355356e-01
1.000000000000000000e+00
-6.116287622802500934e-01
1.000000000000000000e+00
-4.242243002712956512e-01
-3.587527006206860936e-01
8.784516989260499065e-01
8.185166054460983887e-01
4.499501518828052937e-01
6.856020953636796644e-01
-4.348111221724723086e-01
-1.000000000000000000e+00
-1.000000000000000000e+00
-7.664319643218604483e-01
-9.650398610136947664e-01
-7.309490803361542444e-01
-6.264955165007660698e-01
-5.071074714286027962e-01
-3.022585719423299677e-01
7.690894086019384179e-02
3.427438041344338382e-01
-1.203753495816033414e-01
1.000000000000000000e+00
-5.329013092653840378e-01
-1.000000000000000000e+00
-1.000000000000000000e+00
-7.008291587426497271e-01
6.892983333679936209e-01
5.398080372047124875e-01
-9.276851930602070251e-02
1.000000000000000000e+00
2.222604890923410847e-01
-1.000000000000000000e+00
-6.843727822348657508e-01
-8.156126323542596257e-01
6.969022197256935502e-01
1.000000000000000000e+00
1.000000000000000000e+00
3.040721204890894924e-01
3.179587744381315861e-01
-3.267444338910455714e-01
8.115242464323411120e-01
-5.924298696110442686e-01
-1.602074492359985558e-01
1.000000000000000000e+00
-7.232946995885203290e-02
6.209638571176577804e-01
-3.993380607178373953e-01
-4.783308871389517769e-01
2.441201201831582623e-01
-3.770290186439837488e-01
5.046014214511150842e-01
-2.693427347652949111e-01
-3.875802772586068867e-01
-5.115120951084641820e-01
-1.000000000000000000e+00
-2.774562506864861056e-02
5.581966763237243834e-01
-5.742688236156423542e-03
5.511179215251951202e-01
-1.801254388388806582e-02
-5.130529246561141843e-01
-1.185234208492818575e-01
1.000000000000000000e+00
3.483073931513677168e-01
7.427509242191252525e-01
-1.000000000000000000e+00
1.000000000000000000e+00
2.855564450412366728e-01
1.000000000000000000e+00
-1.000000000000000000e+00
-3.085273687779899188e-02
-8.353828056456480411e-02
-7.892762608707901695e-01
7.154512757889666119e-01
1.588798181121384989e-01
8.409353128228095331e-01
-6.904937749188689855e-01
3.026084585069894750e-01
1.000000000000000000e+00
-4.090026256605810984e-01
-1.549696251477469811e-01
-1.000000000000000000e+00
1.000000000000000000e+00
-6.774340822240718651e-01
-6.671061416447939818e-01
6.877511501330202393e-02
-3.053197707928040350e-02
4.357868880443278026e-01
-4.426836814111833052e-01
8.829705396192253364e-01
-5.361106171256870834e-01
4.208738256678596912e-01
-6.924504209891112483e-01
5.753035544106361865e-01
3.105365044357220050e-01
2.323673706517840332e-01
-4.789955113825725697e-01
8.335159264275771029e-01
3.684583899065345669e-01
1.000000000000000000e+00
-1.988344908444504844e-01
5.080097641569527589e-01
-8.547468712575967409e-02
-1.000000000000000000e+00
7.644387840876860629e-01
6.866451967606379547e-02
-1.268195830540879421e-01
7.584737931379668119e-01
5.025151941144192502e-01
-4.831514815694055720e-01
-5.817154124314165564e-01
5.719582096962746998e-02
4.383077458141226845e-02
-7.752893936234414030e-01
-8.010609690298657881e-01
6.617968562216176576e-01
-3.533273434248785372e-01
7.059721627576818204e-01
-4.790534705178645103e-02
-1.000000000000000000e+00
-6.288101433198587387e-01
-3.182611019791702911e-01
-1.000000000000000000e+00
-1.000000000000000000e+00
3.868927699728761382e-01
1.000000000000000000e+00
1.000000000000000000e+00
2.668721479696969379e-01
-1.000000000000000000e+00
-6.856903251576655922e-01
4.502208016079281006e-01
-9.829872953993504803e-01
2.265031534927141044e-01
-3.882191428444323744e-01
-3.281799015369074590e-01
-1.000000000000000000e+00
-1.000000000000000000e+00
1.032241528479035386e-01
2.296847818898037352e-01
-1.466691459115774254e-01
1.000000000000000000e+00
8.205391419353674776e-01
-9.933028314167171580e-01
4.845049194687126581e-01
-1.698887963574990945e-01
-1.000000000000000000e+00
1.947352741885808869e-01
-4.010279731593347496e-01
1.275794954544308135e-01
9.551011774221240813e-01
8.059024574026114607e-01
3.413801594622823399e-01
-6.141818171796864512e-02
8.086274274846503296e-01
-4.914940172166165078e-01
8.745170205766563676e-01
7.125385852893070249e-01
1.000000000000000000e+00
3.415488292892766564e-01
2.315256142535707662e-01
3.668594476992424469e-01
-1.000000000000000000e+00
-1.000000000000000000e+00
-6.758162652782813140e-01
1.007912264112660883e-01
9.707553906398476151e-01
1.000000000000000000e+00
-3.209122389290441357e-01
-5.212236611046885404e-01
7.516840713135201080e-01
8.335019349552441614e-03
1.117067194300445654e-01
3.493988345194026790e-02
8.136598918250320667e-02
3.801168005532706839e-03
6.100306576090621657e-01
-1.000000000000000000e+00
