-8.540931597796923569e-01
-1.544819013773375826e-01
8.938695725192169483e-02
8.770933827470210886e-01
-9.036330501256606418e-01
6.358496725877631484e-01
1.000000000000000000e+00
-8.941029601468888366e-01
1.284683327726798829e-01
-1.000000000000000000e+00
4.290464129973994289e-01
-2.192395138292245471e-01
4.955178253216550588e-01
-5.811051582079965749e-01
-2.768916948203019035e-01
5.655021166179552417e-02
-1.948548483616498184e-01
-3.871542730643071084e-01
1.229372877071888137e-01
-7.657690280856066511e-02
-8.272774426643501045e-01
-5.727342400210839735e-01
1.000000000000000000e+00
-7.144151420156347188e-02
4.380993681216902580e-01
-2.923034214535333852e-01
-1.328027842931047697e-01
7.266902543039035489e-01
-1.000000000000000000e+00
4.650255447011813481e-01
-1.907315411199654864e-01
-5.840178242569411537e-01
5.028604944228731721e-01
1.000000000000000000e+00
-1.386943888123459701e-01
-6.096032545063490016e-01
-7.269505262732756101e-01
-1.000000000000000000e+00
6.524911041577974302e-01
4.313983997755237443e-01
5.647734397121113581e-01
-5.544727749641895631e-01
-1.000000000000000000e+00
2.075097930407991953e-01
6.125231911457575951e-01
-8.726572774491109241e-02
-1.000000000000000000e+00
8.130717961057665200e-01
7.063005412108249725e-01
1.000000000000000000e+00
3.248911911443461698e-01
-6.114551121962816804e-01
-3.720385214412433861e-01
-3.498106328541723542e-01
1.000000000000000000e+00
5.735147473581180266e-01
-8.206934637183915804e-01
-3.594213682559341816e-01
5.728070315403621660e-01
-8.767067074065086896e-01
9.234106893137528083e-03
-5.832083497842792674e-01
7.447055874301076184e-01
-9.195898753041602536e-01
-1.044237806798969381e-01
-8.623492503940499709e-02
-4.215577726969917949e-01
7.952697234375172286e-02
-6.852137605518182628e-01
2.975327570489516571e-01
-2.358429046344965307e-01
-1.245436591455552633e-01
-1.000000000000000000e+00
9.701910054544067297e-01
2.986075634657728850e-01
5.438445295871318086e-01
3.869481511784986782e-01
1.000000000000000000e+00
8.177055244447456461e-01
5.526136801088170625e-01
3.621554588925384177e-01
-6.407350947142904651e-01
3.055565467165156091e-01
-7.959325634357461432e-02
3.131097346952573801e-01
9.416163327054827281e-01
-1.000000000000000000e+00
1.000000000000000000e+00
-4.064603885250488435e-01
2.367711715744347245e-03
-9.644059292655502436e-01
9.728918808229189974e-01
9.743057042989236027e-01
4.510954971380252698e-01
2.425372188461150103e-02
8.340612084083584010e-01
8.249197835006519819e-01
-4.811509737979146051e-01
5.695932255777067521e-01
-1.000000000000000000e+00
-9.477475368875181161e-01
-1.641287101344690580e-01
5.426248946665217510e-01
7.271268060723381499e-01
-6.321570962726934528e-01
8.873761404118912788e-02
-9.152569391748932581e-02
-8.479253437945415417e-01
3.968557701765965118e-01
-7.432182503076978364e-02
1.915164952502572682e-01
4.056470599986803927e-01
5.166388574259457300e-01
-4.706529625306045128e-01
6.290747600692345731e-01
4.630661482571940546e-02
1.897928549124145992e-01
-4.427158036124814178e-01
1.006257213513637172e-01
-2.650670986463745660e-01
1.206165884228864726e-01
1.000000000000000000e+00
1.000000000000000000e+00
-1.000000000000000000e+00
1.104476704480394089e-01
6.357506614696684100e-02
7.812132676424007327e-01
-7.845732467495163398e-01
-1.000000000000000000e+00
6.715079492776334646e-01
7.407305512320871976e-01
-3.625711886997210476e-01
-1.404320286284077568e-02
-1.000000000000000000e+00
2.426865260443484273e-01
-4.783720892941278890e-01
-5.635648681065528187e-01
-4.241116562968011428e-02
-3.261753200395995367e-01
5.571489424843696359e-01
-7.094951332250454268e-01
2.743307199698892251e-01
4.055956965769984546e-01
2.136295827364032562e-01
1.234079239799115157e-01
2.409386164771436523e-01
7.003118530092553584e-01
1.301020333530855666e-03
-9.187433956628212606e-01
2.443548783584665873e-01
-5.778152667101406070e-01
4.521944788663811443e-01
7.739299324124540025e-01
6.244346425776055032e-01
1.000000000000000000e+00
1.000000000000000000e+00
4.228070011161462194e-01
-2.979142409255788326e-01
-2.988189111817638466e-01
-7.634287749356807318e-01
-3.573648430876430471e-01
-1.000000000000000000e+00
-3.605044022412258187e-01
-4.719975318528758512e-01
-7.319632822957085061e-01
-3.836078341442905049e-01
-9.189267850406384053e-01
1.000000000000000000e+00
3.097182789235905509e-01
-1.000000000000000000e+00
8.150988366678195707e-01
5.482624427408486767e-01
5.722173446612404124e-01
-5.460856598406246265e-01
5.471816629355534811e-01
-7.352800395587897331e-01
5.674318681261799613e-01
-1.000000000000000000e+00
9.267436214519709781e-01
5.765963966465319501e-01
-7.531438774652303714e-01
-8.176104717576393455e-01
-1.000000000000000000e+00
-1.000000000000000000e+00
-1.000000000000000000e+00
1.628828747978736669e-01
8.741919102509616568e-01
-1.000000000000000000e+00
-2.666567296054019875e-01
1.753645777436330100e-01
4.390154468184912506e-01
-6.705187161391663597e-01
-1.000000000000000000e+00
1.884038983936382472e-01
5.210116087942113783e-01
5.331318096538697482e-01
2.279026006109218239e-01
4.520107013721879619e-01
-3.914376145711968569e-01
-3.726182424630934964e-01
-3.365090730844122469e-01
4.185333671554937185e-01
1.000000000000000000e+00
1.000000000000000000e+00
3.191521505720731899e-01
9.958430769254156267e-01
2.395518344159833779e-01
-6.881912830544985038e-01
-9.979343021842851380e-02
-9.073596975227009587e-01
4.090174523257555927e-02
-4.476145293527700186e-01
1.333795927170677853e-02
-2.259672404689125613e-01
-1.392124516292868597e-01
9.396622607668159155e-01
8.102684553766590358e-01
-5.544473907521737521e-01
-8.628937770648670291e-02
-1.521505974292813868e-02
7.765400027748901035e-01
-5.171225386160160920e-01
-1.144388077150789718e-01
3.117119433396052797e-01
1.483623734625655333e-01
-9.678987114483317278e-01
6.646509071421858872e-01
1.000000000000000000e+00
9.989781754596231966e-01
-8.340333494469933662e-01
2.061248819624726669e-01
-1.000000000000000000e+00
-8.857365719993597342e-01
-1.910644933875282891e-01
5.825142110971130993e-01
2.716257078277718451e-01
1.000000000000000000e+00
1.000000000000000000e+00
8.369315633895662021e-01
-1.000000000000000000e+00
-2.456191584111406534e-01
-9.802634836301856724e-01
1.000000000000000000e+00
-5.072010898830459080e-01
9.047351908612493165e-01
-8.910089672047352138e-01
-1.494757341259738137e-01
1.000000000000000000e+00
1.266356446296457161e-02
6.444177329850497848e-01
-3.673938664496547712e-01
-7.104849184199050205e-01
8.118553069792795451e-01
3.480991947820866739e-01
-4.957534441194713093e-01
-7.769871827045943258e-01
-4.358426495330871009e-01
3.490265828503503753e-01
-3.579630859167967083e-01
1.000000000000000000e+00
-5.989481623024383028e-01
9.495154379054631111e-01
1.077904089327896830e-01
1.000000000000000000e+00
1.360668581645163577e-02
