6.372696398680544050e-01
-1.000000000000000000e+00
-2.055111041709259956e-01
4.149947265007697395e-02
1.836145336199687950e-01
-9.704477063111864865e-01
-6.697259106533373085e-01
-5.616438906878981618e-02
1.000000000000000000e+00
-5.412529392024709729e-01
-1.000000000000000000e+00
-4.001291818379549281e-01
-1.370377491091065436e-02
2.150057839233809054e-01
-5.079752265084813700e-02
-6.161486558914301970e-01
-1.912573695071906332e-01
9.736917516210656931e-01
3.579771719871484292e-02
2.470380305247350528e-01
-4.813369062495489320e-02
-2.606462184077655841e-01
-1.059502418404431601e-01
-6.747272707691334137e-01
8.785064073740498358e-01
6.022702611124257643e-01
-2.829396093667628509e-02
-4.792826441251328839e-01
1.000000000000000000e+00
3.462104856243942708e-01
-3.425076063994808573e-01
3.811286020450421752e-01
-1.000000000000000000e+00
-7.299348949936250719e-01
-7.273783997063087980e-01
-3.603427829027714413e-01
-1.000000000000000000e+00
2.248353831887031085e-01
-8.678172766253300363e-01
4.602539098543687590e-01
1.824767333772815137e-01
1.000000000000000000e+00
1.844213624630017812e-01
-2.141956010756457252e-02
1.822665792851538846e-01
3.762544344339724400e-01
1.932302303272341870e-01
3.437018304911463873e-01
-6.524450495074103351e-01
2.848403026447419162e-01
9.133675413105620811e-01
-5.097657399084165597e-01
1.000000000000000000e+00
5.466860125070587273e-01
-3.960318969779308418e-01
-2.830177481397989081e-01
2.573950637467772307e-01
-1.067088706316197122e-01
7.326504112474756525e-01
-7.758402915971185365e-02
-8.161057719197564175e-01
-3.298029986841173322e-01
9.002098047023199268e-01
-8.891553628605957105e-01
-1.000000000000000000e+00
-2.961688952644363493e-01
-9.575838277122392661e-01
1.333246299177897054e-01
1.000000000000000000e+00
3.481635077160711300e-01
-8.350961349342305162e-01
-1.000000000000000000e+00
-5.074640998531695923e-02
-5.077401311637412817e-01
3.746422644855086914e-01
4.237862248848721647e-01
3.243919114919169289e-01
-3.777094378346030901e-01
-3.550899157868796507e-01
-7.189129187025251611e-01
-3.089592663721407728e-01
3.065166399570904421e-01
-4.150427009385260213e-01
-5.393031219441004609e-01
1.000000000000000000e+00
1.501744974907072150e-01
2.052852730241006007e-01
-1.915097892743884145e-01
-8.763879532529165184e-01
2.918170673241681778e-01
-3.709716530691926639e-01
3.663272192642251790e-01
1.000000000000000000e+00
-1.000000000000000000e+00
-1.000000000000000000e+00
-2.906404413902509143e-01
8.361005743049076955e-02
-8.296641778609619156e-01
7.516595214286176940e-01
-1.168306015020738053e-01
-1.000000000000000000e+00
3.123617731253658381e-01
3.290391983395836717e-01
6.376781676870229010e-01
-1.759613834015805178e-01
-9.610981821742868580e-02
7.227565544251857155e-02
-8.053758774133501497e-01
8.336619687659921896e-01
3.130085619626009619e-01
-1.000000000000000000e+00
6.821218077086022014e-03
4.787575713693487667e-01
7.044442158077681704e-01
-3.211987209168633561e-01
-3.412496422889765846e-02
-1.000000000000000000e+00
-4.442148029751342708e-01
1.000000000000000000e+00
1.369236376685546985e-01
5.101839465597735046e-01
-1.000000000000000000e+00
7.483092226476479869e-01
5.624611660558694881e-01
7.799253175959020012e-01
7.312228608177733236e-01
-7.196928500331780665e-01
-3.490458225540304937e-02
-3.812759109910022204e-01
4.771997255588518172e-01
6.844465208326415695e-01
-4.032115588522644511e-01
-3.935599682581480963e-01
4.963674575003615974e-01
-7.351017717729164680e-01
-5.978247909471823274e-01
-7.578183715178330448e-01
4.292837644039892986e-01
4.174179540685727940e-01
-6.451256212750993146e-01
-4.435656895842057246e-01
-1.000000000000000000e+00
6.939047739600437970e-01
-2.098738056879489999e-01
-6.558242946651671179e-01
-3.189631493730107348e-01
9.462472552527360081e-01
9.775040186885353144e-01
-1.635725930380349524e-02
1.000000000000000000e+00
-8.564893841161063115e-01
-1.454558481410036519e-01
-1.000000000000000000e+00
-1.000000000000000000e+00
6.468828436298590390e-01
-7.033209971256160209e-01
-8.100804507001265753e-01
3.739553773321395713e-01
4.511373998814132702e-01
-5.198214613839997611e-01
-1.000000000000000000e+00
-4.199423572074618694e-01
-2.300056455895658214e-01
-9.337557709603976352e-01
-1.000000000000000000e+00
1.507860340128395205e-01
-1.000000000000000000e+00
-8.443001484859984362e-01
9.212451413374936893e-01
-1.455233415932019048e-01
-6.510718281175520428e-01
7.065010827801584403e-01
-8.029519007024079613e-01
4.963632760146816647e-01
7.980040886044765802e-01
8.913533730895810692e-01
-1.871378055039113475e-01
-2.435243870868526450e-01
-4.942684952689602174e-01
9.677130773474120762e-01
6.301098997082967834e-01
-4.631942584137072050e-01
-2.298928406055970042e-01
6.000455460593607793e-01
6.039041002856133655e-01
-2.526664262647649872e-01
2.711031449660115111e-01
-5.771760260937840448e-01
-3.804758601454278910e-01
-5.826415693851590971e-01
-3.072640769309989417e-01
-1.334695282811948491e-02
-2.156428121839343848e-01
-3.037959493456088289e-02
-8.696462012433701094e-01
-7.220881135064576295e-01
-8.976883392611070267e-01
9.182176438620762715e-01
-1.000000000000000000e+00
-1.975013878929198774e-01
4.279804354390570609e-03
-1.694339679236071261e-01
2.511185988114689738e-01
6.580529969546300428e-01
6.132212930216189850e-01
-3.780765438957507385e-01
9.679374722790257124e-01
-1.000000000000000000e+00
-2.299717595448983465e-01
8.140521157642710559e-01
-9.361814663198264608e-01
-7.770095349202996715e-01
4.002720576820366638e-01
8.361178079936932850e-01
7.272432544235449825e-01
1.000000000000000000e+00
-2.594782740367037599e-01
-4.495876409728699619e-01
-2.065080238095799992e-01
-1.363645353895259760e-02
-1.482027197455240974e-01
1.000000000000000000e+00
9.532344102384251450e-01
-1.000000000000000000e+00
-6.286665623826109828e-02
-9.627664898302017438e-01
8.073955810229753727e-01
5.863870265454615982e-01
8.687481300832227138e-01
-8.438300287560140944e-01
2.001217688890299939e-02
5.169134731934978966e-01
4.367510332479795920e-02
1.000000000000000000e+00
-3.926816836349396600e-01
3.404756371121120395e-02
8.675676963942424713e-01
1.550909346481901263e-01
1.001224501213582307e-01
7.667466193540153352e-01
4.772612533742022212e-01
-5.547475053036592385e-01
-6.338739786998228709e-01
2.989664875060691340e-01
1.308597967457274802e-01
5.961307740098197305e-01
-1.000000000000000000e+00
-4.874208413775303894e-01
-4.118245347939384349e-01
5.884500519703257382e-01
-4.484991507207067851e-01
-1.000000000000000000e+00
-2.585874612553673568e-02
-9.826605976899307482e-01
-5.561654127518496082e-01
-1.000000000000000000e+00
-9.315892100032625578e-01
4.247531117420010882e-01
1.477790102157383600e-01
4.943445833422417390e-01
-4.701914713731525364e-01
1.000000000000000000e+00
-9.506465577686915580e-01
1.000000000000000000e+00
-3.034121054949355800e-01
