7.353219286391030618e-01
1.000000000000000000e+00
-9.878685878487076799e-01
-5.340472811810519360e-01
2.918140879244079944e-01
1.951258223263718783e-02
-1.142667261682626112e-01
2.299088111752921326e-01
-5.215890571524677277e-01
-3.783258065428812822e-01
1.000000000000000000e+00
1.000000000000000000e+00
3.157698154123507184e-01
2.776977883206895870e-01
-1.701761840618089550e-01
-2.229260221283833610e-01
-5.567951035615195110e-01
1.000000000000000000e+00
-5.472755874549505295e-01
1.000000000000000000e+00
-1.000000000000000000e+00
2.803640219056495742e-01
4.255638919336623971e-02
1.000000000000000000e+00
-3.481357749172928617e-01
-2.275336799762534001e-02
-6.895019362102157157e-01
-5.932764679548232500e-01
-5.392717041269849965e-01
8.056540566135348413e-01
-2.028612561730103181e-02
1.000000000000000000e+00
-5.099415382310077405e-01
-1.801886799407949047e-01
9.715232367725206153e-01
5.663923242820627646e-01
3.786161651292664909e-01
2.323327485851568452e-01
-1.000000000000000000e+00
-6.740702385738467362e-01
-5.176993685168238546e-01
3.110634301600264662e-01
9.883324295718517449e-01
1.000000000000000000e+00
6.872898635330236816e-01
1.000000000000000000e+00
2.189822996953571521e-01
5.443231970064231762e-01
-3.759778655370656919e-01
-1.000000000000000000e+00
1.000000000000000000e+00
5.919106427927173231e-02
3.541620907041400645e-01
1.000000000000000000e+00
-5.728264699088564393e-01
5.270305905316787776e-01
3.015168810637258723e-02
3.142477385512378318e-01
2.077162808144922268e-01
-7.955159880666778927e-01
-3.515589290366492037e-01
5.086241929552828278e-01
8.623926095141820625e-02
1.000000000000000000e+00
-5.802673145754606576e-01
8.331115920205709457e-01
3.343681929932758035e-01
-1.000000000000000000e+00
-4.350769865301484796e-01
2.090284475064639325e-01
4.423232248650695864e-01
-1.000000000000000000e+00
1.928622243005874148e-01
-2.976113257412235091e-01
-6.695861677832557479e-01
1.000000000000000000e+00
1.000000000000000000e+00
1.000000000000000000e+00
-3.997959197076783600e-01
-1.787632492952329066e-01
-4.453059173143987803e-01
-6.918859771999211761e-01
-1.000000000000000000e+00
3.378876058054923748e-01
-2.702109138735378502e-01
2.119950612854056837e-01
-3.271843101574833934e-01
1.000000000000000000e+00
-1.000000000000000000e+00
-9.994569515625434386e-01
-1.146642758617572033e-02
-3.765446364528596268e-02
1.000000000000000000e+00
4.588191599194918480e-02
4.372690122672970303e-02
-5.493697199573199796e-01
-5.435373220158238317e-01
-2.618554382392823676e-02
-1.222102696240590092e-02
-3.981475931840845472e-01
7.164234381555023568e-02
-5.063019190694986182e-01
-6.094412117334955248e-01
-4.392303578202446102e-01
5.830389329066985038e-01
3.853650901686593855e-01
-7.539044294162452475e-01
-5.013703397050695010e-02
1.835653362492722929e-01
-9.174290829844334860e-01
-4.321163126743283733e-01
3.286274655019149060e-01
1.000000000000000000e+00
3.425904556733875839e-01
8.840550517557543841e-02
6.635615245669265749e-02
9.741756112099276832e-01
-2.343633590986533011e-01
8.278610801992520862e-01
4.599010872384311499e-01
9.481619615512681953e-01
-4.362706794338371274e-01
-1.000000000000000000e+00
-9.377805146771820421e-01
-3.510080299872930798e-01
1.000000000000000000e+00
-3.863513035006524432e-01
-8.996331064268987543e-01
-7.826962882273706956e-01
1.000000000000000000e+00
1.533569842327282551e-01
-9.374376723251545140e-01
-1.000000000000000000e+00
1.000000000000000000e+00
-6.709447493076521329e-01
5.864000179223987086e-01
1.000000000000000000e+00
4.517969461902899275e-01
-9.556843760055275805e-01
3.723533280619242269e-01
-1.000000000000000000e+00
1.000000000000000000e+00
-5.080529389735790602e-01
6.840199355643616919e-01
-1.000000000000000000e+00
7.867406453608808414e-01
5.169027558607257600e-01
-8.062141745740435406e-01
-4.844226655604340070e-01
-3.745534289473205769e-01
1.945237774174069234e-01
3.662161640287269759e-01
1.000000000000000000e+00
2.247550912565205450e-01
-3.061392773172810777e-02
6.412400259943477066e-01
-8.150670689800920687e-02
-9.292833664951253292e-01
-1.000000000000000000e+00
1.000000000000000000e+00
5.607718449025247409e-01
-3.384177622384986761e-01
-8.939257355136129846e-01
-4.087185154377736551e-01
-4.446179798707050601e-02
7.042814001366493049e-01
-1.788267209029066607e-01
-6.984834954988518030e-01
-6.150274293088524580e-01
6.362418832901159949e-01
1.000000000000000000e+00
3.420465844362007846e-01
8.475602655180635159e-01
-2.623037991176004891e-01
5.972388246916997545e-01
-3.169059892647115850e-01
-1.000000000000000000e+00
1.000000000000000000e+00
-1.812065544479422030e-01
1.000000000000000000e+00
2.993956564276951116e-01
-6.527568549335270864e-01
1.000000000000000000e+00
-3.292197559514954408e-01
1.000000000000000000e+00
4.323332206188849058e-01
3.757031974210999770e-01
4.409950060733909272e-01
-7.293980888787743311e-01
-1.000000000000000000e+00
-9.995538500728586850e-01
-2.570185223546547770e-01
-3.047961182256120893e-01
-4.545932926833662346e-01
-4.886872436463541303e-01
-6.204394406567632636e-01
-1.000000000000000000e+00
-1.541147209404264418e-01
1.500089141682714455e-02
1.076693167696892023e-01
5.688068133310637542e-01
-1.000000000000000000e+00
8.236730631702663397e-01
-8.743121013186373469e-01
-5.603886429811854031e-01
1.000000000000000000e+00
-4.768662465815178275e-01
1.619277149595624299e-01
-1.000000000000000000e+00
-2.700987094994954374e-01
-1.587034124742181529e-02
4.653087563980031760e-01
2.052950341985103622e-01
1.000000000000000000e+00
1.000000000000000000e+00
3.531675529182715101e-01
-7.460421113398997273e-01
9.935026427449727970e-01
4.810790979020150293e-01
-6.942748728739249753e-01
-1.000000000000000000e+00
-8.704421987400000615e-01
6.562774778218795069e-01
1.000000000000000000e+00
-7.623991429293970334e-01
-1.900710118171948793e-01
9.512191841954832361e-01
-4.366126961511583859e-01
-1.355525770938226238e-03
1.000000000000000000e+00
-5.372243814284902719e-01
1.000000000000000000e+00
6.924717674186576799e-01
-8.276967819783022096e-01
4.480912085205097650e-01
-9.135333857068687058e-01
-9.299047747819473297e-01
3.109778098788816836e-01
-7.867636068955179418e-01
-9.783964388610891794e-01
-1.000000000000000000e+00
-5.377465033008668183e-01
1.000000000000000000e+00
-1.000000000000000000e+00
-8.588272910835756391e-02
-1.000000000000000000e+00
-8.317297771404985607e-01
1.000000000000000000e+00
5.746106829289185924e-01
-2.509292118912769265e-01
1.550039606378810775e-01
-3.171842763080696681e-01
1.000000000000000000e+00
1.025511066804024596e-01
7.821038579982454442e-01
-7.408445642893866090e-01
6.163858098838207455e-01
9.299861804220335149e-01
-3.119304978394947803e-01
2.581692808093484781e-01
3.850525091293395263e-01
1.000000000000000000e+00
-4.756895108586177146e-01
2.936075960635614601e-01
-1.287571184095566701e-01
