-7.797652533102588102e-01
2.678608595193956443e-01
-5.767822199828793739e-01
5.057509041952292783e-01
5.349707904900293798e-01
5.373929919460245230e-01
7.983149309991155462e-02
9.133523553308608989e-01
8.436018089866452740e-01
-2.451257194025417974e-01
-8.620639803739307272e-01
-3.666416839173609610e-01
-4.419038468564639999e-02
3.639904129651518883e-01
-6.471262125576844326e-01
5.706229486317326849e-01
9.353046099593600449e-01
-7.417006145328584044e-01
-3.968893436097420402e-01
4.163567780027018217e-01
1.308403509605304826e-02
1.405872102957206327e-01
-2.865469595641538803e-01
9.439250025874414973e-01
7.579649491675504169e-01
8.643511483233432546e-01
8.004831765452086190e-01
-7.955903309027509973e-01
-4.921753216309949774e-01
4.024919614495632292e-01
6.440733457643534887e-01
-5.744953711323115275e-01
3.190044003313678989e-01
-2.674768769348379038e-01
6.807795005929426768e-01
-3.335754053036872335e-01
3.403203173496858192e-01
1.186254850213892542e-01
-7.075456911342216104e-01
-3.476486134450311183e-01
-5.131698199078069123e-02
-8.885398965261308568e-01
-9.415950079554189500e-01
-2.541378270588698918e-01
9.310970678398733380e-01
9.965331235437695501e-01
2.107254777162692605e-01
-1.905935548629396070e-01
-4.634157380052210673e-01
9.005524017354755717e-01
-9.090641258144560588e-01
-9.097376286287095493e-01
5.549122191151063532e-01
7.937935456525573308e-01
1.430648116433161088e-01
9.737331351933702361e-01
-2.596444034240039667e-01
8.200226267893280241e-01
-2.847595536718614539e-01
-1.686155931714488077e-01
-6.723952536592103790e-01
6.944578937770142790e-01
-9.954296370324917653e-01
-2.303573640485410134e-01
-1.125531133570771836e-01
-5.397235833950315698e-01
-6.144527287262711024e-01
1.455615916033115020e-02
-6.654999805995505113e-01
9.800564751529448060e-01
7.937445948877004387e-01
-6.405143725824553602e-01
-6.145982997206174137e-01
5.870305567315925455e-01
4.925634427678107219e-01
9.723382777147855371e-01
3.002717591804171526e-02
1.971972435726328521e-01
-4.153935709036924440e-01
7.986072743939083285e-01
-7.150888894947159402e-01
1.977574312434222659e-01
-9.805353567022336847e-01
3.945447005129751883e-01
8.287673014233098989e-01
3.381635734142489635e-01
6.774499626291383692e-01
6.748905566591039129e-01
6.159144171625350328e-01
5.773553705519853807e-01
-2.842728319896143940e-01
1.943218708046525744e-01
6.818385861943414561e-01
-7.063250692075144777e-01
-1.043999190261346577e-01
6.364804822473724144e-02
-9.604892184362459062e-01
6.240049267367300256e-01
-5.833045276426540582e-02
-7.497044068727494182e-01
-2.342701304740948398e-01
9.285050535302949992e-01
-1.000000000000000000e+00
-1.000000000000000000e+00
8.224968363035776164e-01
-2.230605615968883626e-03
2.763427996030038969e-01
-6.938373161993616201e-01
2.187324290939116622e-01
-2.299673035091620577e-02
1.291871346145503363e-01
3.378140674788687736e-01
1.093256302199665519e-01
7.676240764107582493e-01
-4.100326009843224817e-01
1.760453338294925008e-01
-3.246938009109743284e-01
-1.997316339687449371e-02
-3.304852968822620252e-01
8.486975273537633591e-02
4.995535118232026228e-01
6.662153270846935538e-01
-2.693926398374657527e-01
-1.681120736399337456e-01
3.671554899018814044e-01
-7.448713589076991770e-01
-9.198082127236688610e-01
1.000000000000000000e+00
-5.815985545278754554e-01
3.988749257501955636e-01
-3.271127929525219358e-01
-7.478028903268005845e-01
-2.823004558899258054e-01
9.989255803123175959e-02
-4.661875038351632750e-01
7.808171631845135519e-01
2.161013505864817219e-01
-1.127404189036909643e-01
5.763215215640258293e-01
1.297111631352965144e-01
7.024181922235892550e-01
9.594215929806659826e-02
-9.812414782634184540e-01
6.519630761265766683e-01
9.266883572021589188e-01
-4.018957776231735224e-01
-7.863288072471108503e-01
-6.357254152009201853e-01
-2.531603129770549909e-01
-3.695360220371937121e-01
-7.395686318232566059e-01
7.755826495567235135e-01
4.459151023152934101e-01
-6.484456954213979607e-02
-9.899268743485123423e-04
1.769144556001012170e-01
7.987722005002577674e-01
-1.154625427241950941e-01
5.441140729212932126e-01
4.978531593399904143e-01
-6.805383403823130894e-01
-1.657843094808004736e-01
-7.099745848730982800e-01
6.113075150882310016e-01
-6.376747833046425562e-02
-4.603868463351499241e-01
4.656107345312134882e-01
-3.050389118398435517e-01
-9.604821374361331987e-01
4.983837080667408159e-01
-6.451056365923992786e-01
-9.023435788033201677e-02
-3.279446279650146678e-01
8.442183298559391424e-01
9.475010867384641156e-01
-8.010213139513804315e-01
2.461281461499842393e-02
-4.405824682172407858e-01
-5.205429053746013501e-01
-6.594813455653225631e-01
-5.978148250818206000e-01
-4.824495722897508276e-01
2.995115478650776653e-01
-7.734274560278249222e-01
7.193252628080462063e-01
-6.863930985420765296e-01
-3.941625641173127637e-01
-1.036392829763774781e-01
-5.211581853445521606e-01
5.180628251103498449e-01
-3.642407623733130428e-01
-8.564741635802233244e-01
-1.621809303269047264e-01
-6.565740907403252447e-01
-3.625784202717222127e-01
-2.188879479263234895e-01
-9.045109441408760720e-02
-3.942425107283104024e-01
2.295851167770418533e-01
-1.000000000000000000e+00
-7.774643571100010586e-01
-4.574924795709143233e-01
5.259442302106440703e-01
-6.967636446515370618e-01
5.960261569761593492e-01
-1.000000000000000000e+00
-5.762244610366544784e-01
6.834485533042498062e-01
8.229874907008689622e-01
-8.201217947419756626e-01
-9.190626385889977268e-01
-3.297140579526647297e-01
-6.595656413384667349e-01
2.428202359983269165e-01
-7.381636216040496912e-01
-6.159233909062122869e-01
-8.979627615185719058e-01
3.050218785243185571e-01
-6.930653627616989443e-01
-6.881718364709148439e-01
-1.724192543141502831e-01
5.821447757936832890e-01
-9.799138573438952449e-01
4.608206960899912108e-01
2.071955164697752982e-01
-1.611544760390049014e-02
2.984768078583255324e-02
9.109766731348523106e-01
8.045709443289457141e-01
4.727475718830529416e-01
2.026435496300584838e-01
-2.082922115315761769e-01
2.343287732602855611e-01
2.718729861530553293e-01
2.686867278768108047e-01
-3.933616177878964670e-01
-7.044044666499962304e-01
7.635158691728642921e-01
9.924257931155695545e-01
-2.194338596629410443e-01
-1.071327990329729030e-01
3.794183425292070311e-01
7.148117792087258504e-01
3.544522918498437813e-01
-2.126217243773675936e-01
2.579488316841083151e-01
-9.115502444370449098e-02
-2.986703805354757879e-01
9.047103167382778421e-01
8.547342823605430517e-02
-3.098263018023300064e-01
6.783052201423993566e-01
-3.833331441183103205e-01
2.572410607816597583e-01
8.642447279834013507e-01
3.215458812214060380e-01
-6.298773147890335267e-02
-8.118764540450382761e-01
6.362193370551210148e-01
-5.931024964008964062e-01
-4.686543093419803796e-02
2.244103234318168827e-01
9.629431400900131388e-01
7.209599657965635178e-01
8.148529027509268108e-01
