6.093781302265393052e-01
3.145018005926609739e-01
1.000000000000000000e+00
5.376032720158117062e-01
1.553323099666827911e-01
-3.748709749032956284e-01
4.662700126962108782e-01
-2.930482749298690681e-01
-7.794703228614541235e-01
4.972047377778230359e-01
-5.830214332801637589e-01
-9.922324597357516929e-01
9.079190548602149580e-01
-7.565418141146773578e-01
5.402576439103476957e-01
3.481932571003120147e-01
-7.341281557460438423e-02
1.602284085092156030e-01
-8.998267485603295146e-01
-3.394258595943366874e-02
4.219851027575559077e-01
5.717704513906716191e-01
-3.199844504327988837e-01
-1.753632333508090280e-01
2.363500450463489333e-01
1.000000000000000000e+00
-2.152389191322904849e-01
5.679240840015522540e-01
-4.076159621382409171e-01
-3.382813434821452248e-02
7.322535824670791671e-01
2.367637142959046204e-02
-7.327527972156859803e-01
1.215617661420259621e-01
-1.000000000000000000e+00
1.448164386546487714e-01
-2.127966001048442468e-02
-5.472655913527630922e-01
-1.000000000000000000e+00
4.551300540181107968e-02
-6.223212506088915408e-01
-3.624443791823646066e-01
-8.838203246600223606e-01
1.000000000000000000e+00
8.554948435700175935e-01
2.881664929824916399e-01
9.535250119906417687e-01
-5.709629864887875161e-01
3.623235970532837080e-01
1.886523505119571675e-01
6.517849836605306146e-01
6.279831997224022411e-01
6.847954343863948967e-01
-3.160988337284934557e-01
-5.415616305301558242e-01
1.000000000000000000e+00
-6.363709586934263029e-01
-1.000000000000000000e+00
-1.000000000000000000e+00
-1.000000000000000000e+00
2.831211548732754935e-01
-9.677566558584875800e-01
-1.000000000000000000e+00
6.587828237361913475e-01
5.541728372887964049e-01
9.880034284511696185e-01
-1.287313498376753962e-01
8.038626651884306362e-02
-1.717068610168626108e-01
2.431595673338581287e-01
-8.887589820742276547e-01
5.953106429802982325e-01
1.000000000000000000e+00
-9.050369028015399220e-01
-9.866804559642851358e-02
-1.000000000000000000e+00
4.881042227085857776e-01
8.236194184449052713e-01
-1.000000000000000000e+00
-2.344603228407255574e-03
7.847503645137794415e-01
1.000000000000000000e+00
-1.000000000000000000e+00
-4.287727154941822771e-01
5.779302552243896773e-01
2.597609247666095023e-01
-2.172195523278511731e-01
1.382377942716659369e-01
-4.175703527452931385e-02
2.767294409427704660e-01
1.265577948486917848e-03
1.000000000000000000e+00
1.000000000000000000e+00
2.907879830402908539e-01
4.964129675787836149e-01
1.744362759400259755e-01
3.995230049211795920e-01
-5.586258256440436165e-01
3.189901381949680759e-01
9.736238431049015762e-01
7.024255382080002441e-01
-8.826198713981106003e-01
2.802145495185127677e-01
-2.263759434897895106e-01
3.821189424304380355e-02
8.108927574113947712e-01
3.275318119898384950e-01
-1.747809387142300608e-01
-5.865161826722655736e-01
1.000000000000000000e+00
-7.975286625886992553e-01
7.018425721043575205e-01
-2.934068646550993531e-01
-6.448365010894041571e-01
3.489439711355757368e-01
-9.771059200757272745e-01
-5.050901045682079094e-01
6.785853023634836889e-01
2.179784739590416853e-01
-8.702783820826214267e-01
-3.781159440491628221e-01
-9.097078987774898096e-01
-7.806490682786421109e-01
3.103932423836028853e-01
1.658921783443128017e-01
-8.731595344578251261e-01
4.897248595729524201e-01
-3.413260011873994193e-01
-9.527530583420349419e-01
7.375847191767994637e-01
3.038184370422529756e-01
-2.379302936780549466e-02
-9.159505282814668359e-01
4.422230368792949839e-01
7.840630504120482680e-02
-6.599984169439895854e-03
-4.712999863006621659e-01
6.810862888225537315e-01
-1.000000000000000000e+00
-1.000000000000000000e+00
1.278764584014420169e-01
-1.000000000000000000e+00
4.011639224534355175e-01
-3.689558385778459737e-01
1.000000000000000000e+00
-2.731680525616920763e-01
6.382630060049736542e-01
-3.137755452707220449e-01
8.801534877234956644e-01
4.898342252896745741e-01
-7.008463803961029193e-02
5.384368508963140870e-02
9.162709478218743486e-01
-2.404963777478563713e-02
1.000000000000000000e+00
3.344157873754367571e-01
8.536124454856819366e-01
4.420428958713751300e-01
7.205929697411102008e-01
8.353201601777271446e-03
-1.413025877748745884e-01
5.014787562382727604e-01
1.000000000000000000e+00
-7.546919229833497500e-01
-1.075131932721899997e-01
-3.081478170424318819e-01
-3.657148007678784896e-01
-2.990015783641472025e-01
5.415370284412305280e-01
9.971421167497116489e-01
8.031040420328248164e-01
3.465614386051948381e-01
7.268367696491927488e-01
-1.000000000000000000e+00
-4.249191515910036854e-01
3.515272465115769629e-01
6.814593627126499520e-01
-3.278571693572158718e-01
9.298183848782262118e-01
1.000000000000000000e+00
-2.862748236741480268e-02
-3.046565724068865944e-01
-1.000000000000000000e+00
-6.451555137456355116e-01
-1.904255441935526205e-01
-2.199730365311529656e-01
1.640057698858645718e-01
-1.529287009867881242e-01
9.714040139167778865e-01
-1.000000000000000000e+00
6.985317713611974844e-01
2.163790780525702284e-01
-6.273562450867069540e-01
-1.924640211367609488e-01
1.000000000000000000e+00
2.909358264151683526e-01
2.940587833352859004e-02
-7.056438327812413203e-01
5.574854893406528955e-01
2.593665346615037226e-03
1.601902426415870995e-01
-5.483994181091020881e-01
-9.902783810289816913e-02
4.617933840682901803e-01
2.030334542220721961e-01
1.524622410386979876e-01
9.193440897258567945e-01
-8.647006444750865439e-01
1.000000000000000000e+00
8.405230499169231706e-01
-1.000000000000000000e+00
-1.000000000000000000e+00
7.179719308704979319e-01
1.000000000000000000e+00
-4.969345470819218624e-01
5.109720161153104012e-01
7.846325645235254775e-01
7.639673757613425487e-01
6.033357903294805924e-01
9.615287535257812657e-01
-1.000000000000000000e+00
1.683235100669799866e-02
1.000000000000000000e+00
-8.391579640905726389e-01
-8.856173629816349591e-02
6.751348446401422843e-02
-6.325047767514997421e-01
8.474652407221039407e-02
-3.702172027026211509e-01
1.000000000000000000e+00
5.522800124430566893e-01
-3.140905193800040962e-01
9.283195342172323450e-01
1.000000000000000000e+00
7.758666726511456169e-01
-7.019506270651440505e-03
-4.331373258823990602e-01
1.000000000000000000e+00
1.000000000000000000e+00
4.548736782342495122e-01
-3.592180144255283092e-01
-5.589750569225672150e-01
7.563342551500527033e-01
5.291224746761373776e-01
-1.707767117769939946e-01
-1.000000000000000000e+00
9.379106450960970065e-01
-5.715340188519708597e-01
4.985659834137609048e-01
5.744632834265051002e-02
5.273630002431552999e-01
1.809079960467205039e-01
-1.000000000000000000e+00
1.000000000000000000e+00
4.554739899967481520e-01
-6.613388465661411697e-01
-2.184713565652326994e-01
-3.107729511788637211e-02
1.000000000000000000e+00
8.378870538781684196e-01
8.564356021107094596e-01
6.443639543930119729e-01
6.647104221327039264e-01
1.475736627110558752e-01
8.359055012324723144e-01
