4.094593446046530527e-01
-1.800444947778572224e-01
-1.578425620362824411e-01
6.104483808941973955e-02
-3.073042665171035193e-01
7.026580928714540875e-01
2.025784125888610010e-01
-7.488653327522536429e-01
-6.907188357456846006e-01
-9.758631725260864531e-01
3.027934444711319895e-01
7.356133860104141498e-01
-2.389097300653144629e-01
-1.898025035582184827e-01
2.488978356708326234e-01
-3.463426415111841017e-01
-9.164252402614985193e-01
8.598371584956505664e-01
7.295194059782559304e-01
-3.525779772954064084e-01
-6.059391455616840449e-01
-3.893905956551384495e-01
-1.000000000000000000e+00
-7.766986293063764535e-01
5.189634854492384264e-01
-7.639896731541016006e-01
7.883416133546887750e-01
-1.241016323470200966e-02
2.274467254924255055e-01
3.756114672972596935e-01
1.603463892575667238e-01
1.174550213856888625e-01
4.500557556833311712e-01
-6.289325610501153019e-01
3.556972764511830976e-01
3.202730054245936930e-01
8.268821147906182389e-01
-3.528307297762360295e-01
-5.869016639807458358e-01
7.026192434176861124e-01
6.478766468298033931e-01
-4.170531334053949601e-01
3.847587535681258331e-01
7.513338995868603654e-01
-4.740582181526372119e-01
-5.277857279323474593e-01
-2.118656535789977813e-01
-9.968360796548372260e-01
-9.573795515951621926e-01
1.798860424893795606e-01
-9.567905034425006061e-02
4.518946390932858659e-01
1.647226513873478737e-01
-7.329526058895750040e-01
6.999245064455899001e-01
-1.340502360021882389e-01
1.043652436234142056e-01
7.847111113637410540e-01
-9.877897092391303424e-01
9.919866003443322811e-02
6.506721609040890808e-01
7.416694489766471055e-01
8.625339665498477082e-02
-8.096236921344017734e-01
4.252183758992367224e-01
-9.593224668786664022e-01
2.563460642816894897e-01
-2.501669307562290889e-01
6.598735247090867784e-01
7.549376993386411883e-01
-3.733738358384508516e-02
-1.285108581851028831e-01
-9.329968717798098332e-02
1.000000000000000000e+00
-1.000000000000000000e+00
5.650953169961099309e-01
-8.223326173790579396e-02
-8.722238671247426467e-01
9.411252456327241500e-01
3.771689247337610684e-01
5.893455737074780876e-01
4.303118114170529918e-01
-7.773412895518723165e-01
-6.186101898445275360e-01
1.000000000000000000e+00
4.439193593080448252e-01
6.488774545229318846e-01
1.000000000000000000e+00
-8.426172994575518160e-01
-4.387411522772374228e-01
-5.127554424557612123e-01
7.859793488187866162e-02
2.024297280479859795e-01
-3.203163491063909518e-01
7.312393917657384890e-01
-6.535434021854484854e-01
-2.561829844579354143e-01
8.807166587633359356e-01
-7.596908488508316015e-01
3.550822273614423485e-01
-6.595871636305972174e-02
-1.894525329063547758e-01
-1.607333478174024499e-01
-1.000000000000000000e+00
-3.506442436801100460e-01
-4.583507305518978447e-01
-2.000956485183280620e-01
-3.499983086235554097e-01
6.527285690317590205e-01
-6.218089087513292146e-01
4.170258851845454195e-02
-1.000000000000000000e+00
-9.181355728360696133e-01
7.866245538288125783e-01
3.516328352558694137e-01
-6.369728754488979128e-02
1.216156429685908424e-01
3.392808310961155094e-01
-4.809915741377528420e-01
9.752465041108897559e-01
3.968044525907752362e-01
-3.534532026552414941e-01
-9.900580753203507278e-01
-9.681147867965831377e-01
4.020363716289117040e-01
4.081249516640761410e-01
6.559082526570025884e-02
4.196649832202666297e-01
5.399970818830240882e-01
9.488904402426969753e-01
-2.299297156445723189e-01
-3.651651415803667255e-01
3.275549706797242777e-01
-8.889928501820889561e-01
8.766610745025562590e-01
-9.101140515371091144e-01
9.076581072061500333e-01
8.935046379316946563e-02
2.878493445608081291e-01
-5.030538809910516385e-01
-8.160813347258291106e-01
-4.795152086938117009e-01
-3.043391785667250438e-01
-2.656319084553703247e-01
2.947629426525082419e-01
-5.482746006089320723e-01
6.389959561024887158e-01
-8.473995212857308168e-01
8.780306053211075490e-01
-9.507870149233916823e-01
8.675976081069514123e-02
-2.514265180731264926e-01
2.490702580612456085e-01
1.458016547393445883e-01
-7.048758605217078088e-01
6.367973327325504584e-01
3.164154509464629506e-01
-5.516650807831338099e-01
-3.842108614827677293e-02
-7.990625431476692242e-01
-7.781438875589392623e-01
1.788617042076834363e-01
-6.024542042266547437e-01
-7.632350974895654172e-01
1.506146175306429802e-01
7.039892151847415569e-02
-5.479862233941645844e-01
-7.018425057140111889e-01
-8.272373525297942454e-01
4.652111142437529434e-01
4.707020393614646525e-01
6.727390186505104452e-01
1.900885087821406749e-01
-9.312950104825699071e-01
-9.386180349543522539e-01
7.225275944235582948e-01
7.358864356104863891e-01
8.617175005814070587e-01
1.812755768094174713e-01
6.572981515482858583e-01
-3.191827075739916975e-01
-6.449659737306023821e-01
6.930563478626035057e-01
4.541462989832303343e-01
5.278970478086939533e-01
-1.000000000000000000e+00
5.179148765636698570e-01
3.617962641868115448e-01
6.184615293000401692e-01
7.715487954679911553e-03
-3.226299921863893250e-01
5.405258277842963643e-01
8.194182563604739400e-01
2.135145644497182804e-01
1.000000000000000000e+00
-7.834741394279274296e-01
3.511401280119301749e-01
-1.328750940282222293e-01
1.191148722209929844e-01
-1.000000000000000000e+00
-2.657633136794124162e-01
6.623409269016571344e-01
-9.875059552141560726e-01
-4.834677043253847728e-01
2.475107773982239134e-01
4.806363709771835357e-01
-1.742792222538640523e-01
-3.034745792264939568e-01
5.737986935105300335e-01
-8.690408884464917438e-01
-7.150491104548921673e-01
-8.836291924012729115e-01
-2.791846045657621622e-01
-7.959462468296076842e-01
-9.687851922044898867e-01
4.225080390385094198e-01
-1.293553430259009873e-01
-3.917871581786582791e-01
9.972653137649258870e-01
9.916248055938057249e-01
-5.829550688905917877e-01
-6.733233600720651690e-01
1.784544665770343430e-01
6.771949930298942766e-01
9.956153777097955793e-01
2.243983084615575052e-02
2.356052890548421264e-02
-6.233752737116751153e-01
-1.740378429030660090e-01
3.345853270074736763e-01
2.616596994755289174e-01
-7.167825914335581583e-01
-4.132099553173356199e-01
1.000000000000000000e+00
8.104804059865489130e-02
-8.726828422507748595e-01
3.017492895151956400e-01
6.516152757923342476e-01
5.447885019886347102e-01
1.945532843084449015e-01
-7.217075012434424064e-01
-7.996150831750121757e-01
-7.739377730920817822e-01
-7.818253148836504796e-01
5.585945275348176420e-01
-1.000000000000000000e+00
8.323647719098610231e-01
3.441685502798541574e-01
8.235473999172306936e-01
6.309533007459342535e-01
-7.578743699557988212e-01
5.659959365049851421e-01
9.503803183803232191e-01
2.263932067487950395e-01
8.592788933863302336e-01
3.560113020674371409e-01
1.925309024406440805e-02
9.637067533838679090e-01
7.279026891240951702e-01
-6.735861550341252224e-01
2.023283128147694843e-01
3.964793788962415189e-01
5.882195433881665103e-02
6.426811283463292890e-01
4.417524366773659672e-01
