6.074152467844589065e-01
-5.275937178859422261e-01
-3.313824738502288980e-01
-8.192263423530363742e-01
8.314118407711634795e-02
2.103790838131482932e-01
-2.555476095086390842e-01
-5.091629970670236149e-01
-7.430312754684851306e-01
1.588424285577823558e-01
-8.510426809447180219e-01
-1.905446828137796755e-01
6.465610803688066621e-01
-5.397813272926246242e-01
4.990150054089625975e-02
-1.712064978032996621e-01
-7.732289502534694936e-02
-9.190271672489063182e-01
-9.716852743675252757e-01
8.373366590804059983e-02
3.749253789607667198e-01
1.395719124429961600e-01
3.482088113512096239e-01
-4.703087849629414841e-01
2.760511489435271137e-01
-9.990704911587275916e-01
9.214088213668225613e-01
9.025650411919019511e-01
-1.000000000000000000e+00
-3.374560669877602059e-02
-1.000000000000000000e+00
-1.000000000000000000e+00
3.408273269500685654e-01
-8.236318672324471901e-02
-4.476100542912153646e-02
-9.162410655239414670e-01
1.000000000000000000e+00
-6.677245978804389193e-01
-2.191471470398953514e-01
8.845147189684787747e-02
1.091272552383364403e-01
6.694254902935247165e-01
-6.433129660349177215e-01
-9.046691673997608873e-02
4.378197702691593030e-01
-4.539912788698510226e-01
3.727892922585171465e-01
7.711477500923964445e-01
-2.684818173488099369e-01
1.066892129175112114e-02
1.000000000000000000e+00
8.393249095997605824e-01
-7.329454899556688829e-01
9.214025150672116027e-01
1.000000000000000000e+00
1.289002134076309702e-01
2.892359219907414403e-02
-4.318579045083983381e-01
-9.886480749566428639e-01
6.902698704431642351e-01
7.506626289508122607e-01
-1.652955572075087698e-01
8.917733778407681555e-01
6.818802439498837797e-01
2.733596584605615387e-01
4.984326098845404118e-02
8.863456317661771999e-01
-7.513787025697469257e-01
-8.226122664287409680e-01
-3.215947169170445541e-01
-7.803683352120545091e-01
-5.944399976054839385e-01
1.000000000000000000e+00
-8.873658214145645484e-01
-2.701553296818033911e-01
-2.795172641284545678e-01
1.838845725075834436e-01
4.287914419980537462e-01
-9.356808910747009822e-01
-2.100318353527178550e-01
-6.118953116565626349e-01
8.985437416587033210e-01
-1.259676338759234682e-01
-9.621830561962714246e-01
-2.613634311471102478e-03
3.986073382462124171e-02
3.510016983872832341e-02
-8.924260253253232800e-02
-5.252764804497196405e-01
-3.850705095465249972e-01
9.831571783202166515e-01
-8.976743918815626166e-01
1.257738254797795552e-01
3.877196384034220511e-01
1.000000000000000000e+00
2.269167381099365943e-01
-8.558027030527158852e-01
-1.000000000000000000e+00
1.000000000000000000e+00
-8.759523723826700969e-01
8.127154624844143971e-01
-1.182462225071567730e-01
-2.067601528949225553e-01
-1.000000000000000000e+00
-2.923428368652564724e-01
7.800647909318937645e-02
1.000000000000000000e+00
-1.000000000000000000e+00
-7.685891993111608755e-01
5.013249529777374924e-02
2.505563926516602424e-01
1.447218156170776149e-01
5.372446437082774029e-01
-3.860807268551005311e-01
1.000000000000000000e+00
-4.334420104524191464e-01
9.596077716763711241e-01
-4.759708132193742891e-01
1.000000000000000000e+00
-1.000000000000000000e+00
8.490927509871251111e-01
3.013787658408700887e-01
9.006742421927138587e-01
-8.519813942512597382e-01
4.178933721830648818e-01
-2.242435822427417125e-01
-9.688990282191938253e-01
3.179349903144783607e-01
-1.000000000000000000e+00
2.175432217772812482e-01
1.272511521303443249e-01
6.883478590156153487e-01
-7.963983911858305564e-01
-8.623426687722972606e-01
5.092696368499651793e-01
8.366703746114301232e-01
8.100809538186143355e-01
-9.888534924320493968e-02
-6.875155574782449985e-01
8.952334509029404863e-01
-4.761469310468939842e-01
3.019088011542270245e-01
-3.367603143014218370e-01
-3.554570196650424507e-01
1.000000000000000000e+00
1.000000000000000000e+00
9.873807457926344622e-01
8.542341167106646260e-01
-7.339855006306520435e-01
1.552100090666086452e-02
1.000000000000000000e+00
7.015761784104572740e-01
5.601571223876429251e-01
8.150263875912404643e-01
2.247985275668753224e-01
5.597913974672641402e-01
4.930799535886883356e-01
8.603192972424569263e-01
5.461073608452222672e-01
-3.407933449763336231e-01
3.189951380119706026e-01
1.621489364768922137e-01
7.810426991256775864e-01
-8.416523412458472020e-01
-1.998275584452487152e-01
9.861621879952209291e-03
1.461579468855445096e-01
-9.387029528338075579e-01
5.947619459046141754e-01
4.290704353404648508e-01
-6.553683599054171971e-01
-2.621459127169747383e-01
-5.963835260382919223e-01
-6.701872078788789766e-01
-4.620734987387655757e-01
3.167497043909749954e-01
2.783734335767146240e-01
8.274050307366208612e-01
-1.177722486237207100e-01
1.000000000000000000e+00
-4.987202925181910551e-02
-6.147729733430007393e-02
5.367558258017038897e-01
1.645777469777376933e-01
5.949827747901632602e-01
8.229007941828048178e-01
2.263456671350330129e-01
4.072044441004262771e-01
8.726205975096847922e-01
-8.124331698348639108e-01
-1.000000000000000000e+00
-4.767553152211737033e-01
-5.227148033641688674e-01
8.315619615961338251e-01
3.473508010749122299e-01
1.000000000000000000e+00
9.060140378422365526e-01
-1.000000000000000000e+00
-1.395646408670023764e-01
5.638356267337936156e-01
-2.372510844813482400e-01
5.873530925273238168e-01
-7.648974070113441215e-01
-6.344515267094883448e-01
-1.373735893086569515e-01
-1.000000000000000000e+00
6.035022426163836329e-01
-1.428017881975555958e-01
9.533910819637358980e-02
1.835821923664721078e-01
-5.109472779434200973e-01
-4.294021998930053208e-02
-8.245812203954336894e-01
3.359761580866313935e-01
-6.319749490417406745e-01
-2.267843616275223295e-01
-6.299264814494718312e-01
7.253390784578008788e-01
5.971012079712167964e-01
9.971522622747486242e-01
-6.493757883520485663e-01
1.000000000000000000e+00
1.000000000000000000e+00
-2.505153477062260770e-01
1.000000000000000000e+00
-4.923581362566658015e-01
3.889419645952089111e-01
-1.656651938772119304e-01
-9.993987742243153338e-01
4.288671933005467896e-01
-3.270656616667343419e-01
-6.852275944039620814e-01
-8.855976329916448453e-02
5.045432047429652123e-01
-9.442551938155199220e-01
-2.820898020816071661e-01
-8.410150763185315625e-01
8.896066434477485352e-01
7.104569438840127038e-01
3.848628557621311397e-01
-5.436324683389959223e-01
-1.000000000000000000e+00
-7.380424767198161540e-01
9.881993836300753120e-01
9.797372322182555937e-01
-1.000000000000000000e+00
5.351666930030178904e-01
1.000000000000000000e+00
3.187341122806992555e-01
-8.387433603715880315e-01
1.000000000000000000e+00
-6.448670526388875501e-01
-9.318467578362095161e-01
-6.655231225649935745e-01
6.112382583033304506e-02
-4.709302443700911223e-01
8.431651147252012812e-01
-9.208771375551572103e-01
-8.843507583549956586e-01
-3.382585282957829564e-01
1.000000000000000000e+00
9.854271904657687653e-01
1.345889871980916475e-01
5.077306979407243404e-01
-1.000000000000000000e+00
