-3.337060219711434073e-01
1.000000000000000000e+00
5.140617403275442587e-01
1.155174105182315003e-01
-3.463670949946942579e-01
-6.881996984747872359e-01
-1.185169386551699899e-01
-6.036843800282318817e-01
2.616200543052568106e-01
6.209859722909584212e-01
-3.420776249030554883e-02
-7.418507256981748954e-01
-2.792083337729593939e-01
-1.951904589658124411e-01
-2.410619368873307966e-01
-3.700772455174345943e-01
3.533122013910355852e-01
-8.345053317214009558e-01
-1.425993299024536087e-01
-8.249834330543269756e-01
-9.104844680571898552e-01
8.147460815873528439e-01
-8.960592137817129377e-01
4.149902919476971541e-01
8.149981764211440272e-01
-1.898790510034442658e-01
7.765573090573952841e-01
8.391023420142474931e-01
1.000000000000000000e+00
-8.469025334920408099e-01
5.390674678325404479e-01
1.282637774268069464e-04
-3.650174728741498176e-01
-6.859927069992186599e-01
4.327367936403715420e-01
6.686767381926406184e-02
8.771940947099476915e-01
-5.108739996450208931e-01
2.405897886666198415e-01
7.341295763301261545e-02
-5.400445594534503124e-01
-5.925253638765874964e-01
-1.610369099068842402e-01
8.409042487281827016e-01
2.709005560138819102e-02
1.000000000000000000e+00
7.678675623068362821e-01
2.357629873804602538e-01
-1.000000000000000000e+00
1.023498315727788821e-01
-1.000000000000000000e+00
3.772158451007981972e-01
1.380823321870280340e-01
-4.661209237251042747e-01
-5.079805143139815016e-02
-3.234574066691454641e-01
-4.661419807279520433e-01
-1.000000000000000000e+00
-8.381183079062850538e-01
5.751995117972577010e-01
2.821806900717771516e-01
-5.063125887427711858e-01
-1.573893237619889973e-01
-4.715889324586087783e-01
-3.441043427618016293e-01
1.000000000000000000e+00
-2.724141387872663911e-01
-2.381424153530984911e-01
9.119814722948582641e-01
9.435378672850330828e-02
1.000000000000000000e+00
-1.190271292973071882e-01
6.791420810610966363e-01
6.944260081726375544e-01
9.135100526280547362e-01
3.671297347818047729e-01
1.000000000000000000e+00
5.850921276747007571e-01
-1.805263334950503451e-01
1.122383608269813537e-01
8.472641894736594459e-01
-6.785502996530614617e-01
9.967072851083857987e-01
7.354824693922217271e-01
1.000000000000000000e+00
1.000000000000000000e+00
1.263528427703835000e-01
-4.914212460949586303e-01
5.271275406803499486e-01
-1.000000000000000000e+00
-5.415596309396430996e-01
5.358870500960261074e-01
4.569915573183830348e-01
-7.290414393064458265e-01
-7.303343042783336792e-01
-1.000000000000000000e+00
-8.048599035219647924e-01
-5.438809769041738074e-01
-4.998594463452505909e-01
-1.000000000000000000e+00
-1.000000000000000000e+00
1.798870581694516080e-01
1.539169930409112208e-01
-5.374673286972682096e-01
1.000000000000000000e+00
-4.424579145579699557e-01
5.265459062572450666e-01
1.296697012657563874e-01
-7.397593349994004974e-01
1.000000000000000000e+00
1.000000000000000000e+00
-1.629512212558398843e-01
-1.000000000000000000e+00
1.906699074716904363e-01
-5.289283759624894277e-01
1.000000000000000000e+00
-3.561109991277968678e-01
1.391803085502192339e-01
8.299817655885408652e-01
-9.090502974350823662e-01
5.778507751980903606e-01
1.000000000000000000e+00
-9.230105336236267277e-01
1.000000000000000000e+00
2.038872632070503066e-01
1.000000000000000000e+00
3.044627829495033522e-01
-9.505359717992083457e-01
7.733496344751913387e-01
-5.768309796124162503e-01
1.262491123879734278e-01
6.323843025668485218e-02
8.566196046056320235e-01
9.360326452953202647e-01
-5.519163829837703261e-02
-7.545694511356200174e-01
-1.000000000000000000e+00
1.505952444491367448e-01
-2.994890426166015723e-02
5.598857984766503204e-03
-5.275604865976446511e-01
2.249426120022210984e-01
-7.434042700335541376e-01
-5.217083768194152871e-01
-1.000000000000000000e+00
2.956769452667681319e-01
7.379867641572807058e-01
5.545189806287416090e-01
-2.185060881441364122e-02
1.000000000000000000e+00
-1.000000000000000000e+00
1.133719138609962790e-01
-2.406516858241247725e-01
-5.122949180073778086e-01
2.096638938965341425e-01
-1.956633154061837576e-02
-1.000000000000000000e+00
-8.894307129208105511e-01
3.279787847639425991e-02
-2.793790397362932998e-02
6.463957282619783307e-01
-5.412379185980464857e-02
1.196772155865021836e-01
-1.000000000000000000e+00
8.582818305405504056e-01
-1.000000000000000000e+00
4.608714438219688736e-01
1.158554390626140851e-01
-1.702050534078358712e-01
-5.720199219103656585e-01
-5.221194480918229797e-01
-1.336655057971145588e-01
5.398638487302229727e-01
1.038351314458677288e-01
7.203949040356799616e-02
-9.756303483466201021e-01
2.796827403152068459e-01
-3.188031898586752844e-01
4.012674634529505013e-01
7.601041891239567611e-03
-7.159885763380824386e-01
-1.000000000000000000e+00
7.963650047182624370e-02
8.175536333220798646e-01
2.857782955883851894e-01
-5.896986454538954980e-01
-1.000000000000000000e+00
-2.912302578866612368e-01
4.400114324373616270e-01
7.353414393021007189e-01
1.626272860612957005e-01
1.000000000000000000e+00
-3.407684652855417773e-01
-2.963578310476074895e-01
-5.001781475967470580e-01
-1.331036559121885343e-01
1.000000000000000000e+00
4.642251806509763989e-01
3.753599513985897973e-01
-1.898341544929306179e-01
-3.705603569218890447e-01
6.794765416695953686e-01
3.589559228100278609e-01
5.431905511261835295e-01
-1.000000000000000000e+00
1.000000000000000000e+00
1.000000000000000000e+00
1.000000000000000000e+00
4.191401487857487895e-01
-5.251974712140107249e-01
-1.000000000000000000e+00
-9.839942918042376974e-01
-2.976215230658142419e-01
3.839547694905551256e-01
5.159176506893042857e-01
4.035164557236335381e-01
-6.676728275024008674e-01
1.000000000000000000e+00
2.222736531481575573e-01
-6.549284023709649460e-01
-1.000000000000000000e+00
-8.530440391544793499e-01
7.391750361128432978e-01
5.212207793752210438e-01
-2.815486444276668054e-01
-1.123605677694761162e-01
-2.270939249220254030e-01
-2.140499957183022162e-01
6.612928803680833134e-01
-1.000000000000000000e+00
-1.000000000000000000e+00
2.043907254536360407e-01
1.000000000000000000e+00
3.834266840830836687e-01
6.367370637260350019e-01
5.544678425310430037e-03
1.000000000000000000e+00
3.024160795871245200e-01
-8.366777940923472157e-01
5.433160229465289204e-01
-1.868000629756758901e-01
7.904200291640233189e-01
-2.351259156971147180e-01
1.000000000000000000e+00
8.126644766811856879e-01
-9.749883724102542670e-02
6.121518341965588306e-01
3.518477095189894710e-01
4.570844287929252125e-01
1.000000000000000000e+00
4.992019440846329204e-01
-1.000000000000000000e+00
8.431319507559147386e-01
1.000000000000000000e+00
4.443444711825928484e-01
-5.504368825490069117e-01
3.951995692018031026e-01
-1.000000000000000000e+00
-1.000000000000000000e+00
9.829106451589655347e-01
-1.000000000000000000e+00
2.275233853374878379e-01
3.968983174728690777e-02
-1.236958369037562261e-01
-3.053877787465622551e-01
