4.157439515129062180e-01
8.825115705384090070e-01
3.378484136599093635e-01
7.907910839876393094e-01
-1.000000000000000000e+00
7.529796027922586177e-03
3.267826927392738501e-01
8.719360658052075497e-01
-9.774040594256101500e-01
-6.149556580206021472e-01
-2.110492197991282737e-01
7.882436587276970830e-01
1.178334604383717288e-01
3.857054516338936923e-01
-7.029364122133435755e-01
7.871996031338838185e-01
1.000000000000000000e+00
3.648360641688890293e-01
5.850529723248096836e-01
-8.153244604355840419e-01
3.550482097160129191e-01
-1.636004140829745990e-01
-9.513675191735828651e-01
7.066901594078057736e-01
2.086460145446594472e-01
-6.304261783927894713e-01
6.573572923600146112e-02
-4.556686495386608193e-02
-6.332876976258292601e-01
-8.864478339491475012e-01
7.617680937273292319e-01
-8.927751839880038176e-04
-3.961175605789957199e-01
2.962642387226570584e-01
-3.607289805213544920e-01
-1.969377742607230086e-01
5.665702294565055919e-01
-1.000000000000000000e+00
-9.916132542800859540e-02
-1.807400679181105918e-01
-3.364166073608134688e-01
3.181404632903737095e-01
-8.468998873173028130e-02
7.554386614031167735e-01
2.551904928374550963e-01
-1.603448464739649637e-01
9.921119047432447324e-01
-1.000000000000000000e+00
-4.582475760914160312e-01
-4.605479615053351683e-01
-2.736836631015132637e-01
-1.372236135039328619e-01
-9.575412927441084854e-02
-6.736408392387723820e-01
-8.374863390364073457e-01
9.265287354748090731e-01
-7.004212580905613272e-01
2.753284864317871450e-01
-3.618235547360477700e-01
-9.969787437127632934e-01
-1.000000000000000000e+00
1.527962390828867534e-01
-6.078996234067202131e-01
1.167791646972513586e-01
-8.458057014972147902e-01
4.918857721023694451e-01
6.449863817291401347e-02
-1.957841182802932956e-02
-9.488852783728229934e-02
7.121037244130024035e-01
-4.298436472536464326e-01
5.666398101407963406e-01
-6.246961587583126363e-01
4.629900190586077602e-01
-6.148704058487619584e-02
5.256637084847211039e-01
1.000000000000000000e+00
-2.224117286734899057e-01
-8.502426170766058666e-01
6.379167248978354632e-01
-6.797695992126101538e-01
7.989811604505299147e-01
-1.000000000000000000e+00
4.768493394912236560e-01
-3.604197252053451539e-01
-5.007216066420427936e-01
-8.353409622850025418e-01
-1.000000000000000000e+00
-3.061426485785407881e-01
7.381356874646263222e-01
7.909951295684494177e-01
-5.460201935312863908e-01
2.883259112235856403e-01
-5.103564772671616012e-01
5.030548781754673460e-01
1.737102171107978155e-01
-8.711265615608632107e-01
2.583030735626695717e-01
-7.310392114195722879e-01
-2.192438595263779266e-02
-1.781472253019984464e-01
-5.005036694919640095e-01
-2.287262596975697670e-01
-4.408519139111324314e-01
-9.620179750902995153e-01
-2.826300125580001321e-01
-4.505661329918813074e-01
-3.362361667715046964e-01
-5.157635669155099523e-01
-6.041375179422583397e-01
2.508152205414360125e-01
1.000000000000000000e+00
1.000000000000000000e+00
8.972413430453285432e-01
-8.581365218439885867e-01
3.494518942175595111e-01
-4.611774306918547950e-01
6.773456999511153764e-01
2.566963110657205505e-01
-1.000000000000000000e+00
4.167369596056183512e-02
-1.000000000000000000e+00
6.540485401578659541e-01
-2.354700505994704596e-01
-7.671283819542964455e-01
-2.441366473202948306e-01
-8.853983955207046508e-01
-1.000000000000000000e+00
1.529936110139949457e-01
-2.683974130921313872e-01
4.429962004336271963e-01
9.919483054364544028e-01
-4.799905572075400251e-01
-1.414348587001610369e-01
-7.041177338063202562e-01
-5.095077937783718536e-01
-2.228640631467981859e-01
7.987250935476564173e-02
2.547100746481485434e-01
3.178402107789224385e-01
-6.685682879807288703e-01
-4.113375505305170154e-01
9.187345146839518417e-01
8.781715895407687933e-02
3.566828257194474272e-01
-9.679040876613570488e-02
-2.520671670668553355e-01
5.726015814351643751e-01
8.670884373438090265e-01
-5.235070454908574700e-01
-5.005581775502461195e-01
-2.215581143697806787e-01
-2.830971997870812551e-02
-3.145210408564559912e-01
-4.994158137477517911e-01
7.427618562584707984e-01
2.824218731240691893e-01
1.683192402131679366e-01
3.213730357101407531e-01
-3.559363364419912412e-01
4.494381789118727100e-01
-9.536587322570693193e-01
1.083272575730027942e-01
-1.365044633807774299e-02
-7.048356926548975387e-01
5.805347604333701561e-01
-8.821709780230890807e-03
7.484371004914252001e-01
2.787944511102471434e-01
3.598017178779400194e-02
-5.710204475362457011e-02
1.000000000000000000e+00
-1.000000000000000000e+00
-7.405009378418383470e-01
-2.701568230701880680e-01
-6.651494500992189973e-01
-6.618284904484779130e-01
-6.895710838325692649e-01
9.687480683956790628e-01
7.412288448506487715e-01
-4.003574838772556710e-01
-7.263337825279321258e-01
-8.045057790028062872e-01
-2.144344556247257394e-02
-5.400846192161372628e-01
-4.926850056043461379e-01
4.482599944111984591e-01
8.875560492395639933e-02
3.740021827702840196e-01
-2.900411202419277412e-01
8.049946903062483727e-01
9.463867552288840468e-01
-5.708684919814963621e-01
-9.639264853298872282e-01
8.533949962032412184e-01
5.603634546944784578e-01
2.587785239103704837e-01
6.068989768664672102e-01
5.945713556340697092e-01
2.319630185244123677e-01
1.497597732992782538e-01
-8.284864772593089066e-01
-5.405938171556898819e-01
4.409485925990961341e-01
3.436388942349779541e-01
-3.783148825634669588e-01
-8.265495567333509541e-01
9.092151758922271121e-01
-6.218256151112484531e-01
-2.158964776127162422e-01
-7.052432498663308014e-01
2.105800957572315224e-01
-1.479436199290639631e-01
-7.381267876301644826e-02
4.382961411857602130e-01
-8.474345715482612951e-01
3.663953599580163090e-01
7.357118600774343875e-01
8.694645265586264937e-01
6.033727204774612662e-01
-5.161497540344717194e-02
8.492994830505313786e-01
6.554694143812063167e-01
8.197823401724186887e-01
3.658723655225817328e-01
-4.099935146687101462e-01
-1.759502432830459817e-01
-3.767987127662379976e-01
7.671947317163594349e-01
-4.842896455287037938e-02
-4.200091574710416165e-01
-3.396732719016157809e-01
-4.107428773372157060e-01
-8.881659066108268386e-01
2.818350412775842972e-01
-1.409291918365094265e-01
3.067736261793931885e-01
-9.292104180461215890e-01
-5.868124628118402963e-01
1.000000000000000000e+00
-6.154853203372023795e-01
-7.337541099215425522e-01
3.284342121652943369e-01
3.098854950803102692e-01
4.484570126935916168e-01
1.865104977652893847e-01
-3.199258889463838518e-01
-3.915678918069653847e-01
4.424023072214791075e-01
5.758080503461883159e-01
5.461882432509423957e-01
-5.997143528588204653e-01
-2.186289532461560547e-01
4.735053499576267200e-01
2.072910262321510100e-01
3.259786911133488729e-02
6.075259857197585767e-01
-5.158700731125553940e-01
2.935482598969083590e-01
1.000000000000000000e+00
3.727598532906122308e-01
-8.554441463592794559e-01
4.902615459329365266e-02
8.983091604451083345e-01
-9.793148751102587202e-01
