-1.000000000000000000e+00
-1.000000000000000000e+00
-8.921917612489371763e-01
7.574478890079865412e-01
-3.474394124855786359e-01
3.723368670631883592e-01
-8.619123918237003856e-02
1.000000000000000000e+00
-6.912897152534072109e-01
5.691661693140901424e-01
-9.600105757078596369e-01
-2.315158141519602086e-02
9.610227576689773787e-01
-4.260787317697813936e-01
7.761164874369819167e-01
4.011241080023935091e-01
2.221243923761571093e-01
-2.857324674610293158e-01
-4.241697594518596404e-01
1.361133172871648034e-02
9.973909254932584734e-01
3.704686119765088215e-01
-3.070007912195840127e-01
6.794906791243351396e-01
9.811628266504019980e-01
-6.428794589571049656e-01
-5.082446804632829718e-01
7.869474372518938665e-01
7.935713726896744813e-01
8.081124940389528000e-01
9.472400759463870390e-01
4.939188967015195608e-01
-1.204569503520060980e-01
4.102799426027076146e-01
8.641965037602103994e-01
-3.810746508712049563e-01
-4.681532479198875774e-02
-9.900890641952970750e-01
5.255916230417656543e-02
-4.375595541831591717e-01
4.378816229994986209e-02
-8.404953165838374707e-01
-7.918236677677994440e-01
4.416463210954706398e-01
3.345279501267888200e-01
-6.989629235316741074e-02
3.355851124129110574e-01
-1.259781546873213198e-01
-3.979923518694481466e-01
3.879102217702696809e-01
5.125425587171605901e-01
-9.942956226243542250e-01
7.637093471343952000e-01
-2.495848570617034135e-01
9.967030572047201886e-01
1.875027479404789976e-01
-9.317932408071148975e-01
8.931481583307716576e-01
-3.220169977948790230e-01
-6.467943012979553430e-01
4.912263491886483813e-01
-5.689478869175388365e-01
7.748162360570594043e-01
-3.242424137627204495e-01
7.645086456938721131e-01
-3.477682535104759110e-02
3.067048303560089284e-01
4.454744889147239650e-01
7.385209919242714527e-01
4.035359579012283149e-01
6.466805590063360309e-01
-3.019395553498038787e-02
2.578486842798219936e-01
5.511043760076852482e-01
-4.452350581431006038e-01
-5.814859565020904508e-01
3.215161279530320826e-01
1.735145555055817024e-01
2.543138689823172260e-01
-5.796518938852017744e-01
-6.538874740376605654e-01
1.000000000000000000e+00
-3.071708654400664429e-01
-2.573972439202363294e-01
-2.937841590315610762e-01
-1.000000000000000000e+00
7.101948625816867366e-01
1.000000000000000000e+00
2.090862809683842194e-01
4.271858707943737565e-01
-8.256383127188973159e-01
-5.974297332536051552e-01
4.423105640067030997e-01
8.809880384827151190e-02
5.214435411911260143e-01
-2.160345637042040412e-01
-2.046199394149303963e-01
1.827480504360272651e-01
3.336354800578869018e-01
-1.000000000000000000e+00
-4.447738713783540021e-01
-1.703008269252717088e-01
-6.027553052181151561e-01
3.683274130692653081e-01
1.000000000000000000e+00
9.775029347703085847e-01
-2.423939762448231450e-01
-6.032732503982827232e-01
8.226958997779467708e-01
7.124398277260171053e-01
8.123162961295837814e-01
-2.838735307052460688e-01
-4.165151408653655629e-01
3.943359207735211425e-01
-6.183480921605357672e-01
-1.344110243100524738e-01
2.646512601592418967e-01
1.334645561534967828e-01
6.998628175763466075e-03
-4.145571250063981861e-01
1.322944262004291938e-01
3.552496631041632824e-01
-5.996245949633203232e-01
1.502227125499315807e-01
8.421285860349755903e-02
-8.165449869040264375e-01
-5.704391654121122590e-01
4.381051276830474350e-01
-1.721597435118789599e-01
3.529982381001707248e-01
2.751773680492319851e-01
1.000000000000000000e+00
-6.021812624311173590e-01
-2.767184044975243840e-01
-5.709631262669643270e-01
-6.922871408016619821e-01
1.524993298410493026e-02
-6.742365518938244762e-01
8.797516658164594716e-02
-5.751233343136699094e-01
-3.757329517004643904e-01
3.559479932074578468e-01
4.185848147421955545e-02
-5.182001522545702787e-01
-5.074274532137252880e-01
-3.011720258154697571e-01
3.550494610081054159e-01
-3.503154115880167119e-01
1.000000000000000000e+00
-7.517976695564496659e-01
-2.714344604031764252e-01
8.962513110886307643e-01
1.553499964338875550e-01
-3.068521915562886226e-01
7.356258413751131098e-01
2.542655827897299936e-01
-5.998773823823047024e-01
5.213386677353233356e-01
9.038319144852426934e-01
4.974074460811486187e-01
-8.865564142238189227e-01
6.456868309162919761e-01
-8.309380426649348728e-02
9.672059165440840545e-01
-2.542669567765307725e-01
-1.056092034790030443e-01
-9.354000013089012189e-01
-3.461916197471759382e-01
-7.457006978027400645e-01
-4.053403456143778172e-02
7.796186928609865063e-01
6.773836957802428227e-01
-8.333185788189556575e-01
7.934513185918461442e-01
4.359334848351918978e-01
3.454718122715649820e-01
-4.208044307741563017e-01
1.699989309166496376e-01
-2.876296392250177192e-02
-3.364115515259072375e-01
-6.142124638225670008e-01
4.485793841667624626e-01
5.504477124681872446e-02
1.000000000000000000e+00
-1.865928810735231203e-01
-9.960374110029909245e-01
-1.000000000000000000e+00
-6.522982021942277386e-01
-7.213603401855168684e-01
3.843285336118940076e-01
6.220639684368578504e-01
-7.788114846221261267e-01
7.848593262722647346e-02
2.929733638792275663e-02
2.038210585125288521e-01
-8.259474690739643243e-02
5.344336151466226870e-01
-3.126943735528375790e-01
6.782609128113560315e-01
-7.084407724250485483e-01
7.041329940325096182e-01
-5.831529026141100136e-01
9.292201687596213233e-01
8.461300737695673924e-01
-4.634652177956759544e-01
8.574385003285862616e-01
6.131530828878054562e-01
-1.515888797976484570e-01
-3.875327258926466456e-01
-2.422808975691714828e-02
-4.192591436387389514e-01
-7.757962733905471309e-01
9.407881698349773725e-04
7.939580003795585483e-01
-8.854243902924006093e-01
-1.678488741873291890e-01
-3.400547528223754057e-01
1.000000000000000000e+00
7.570968037542307183e-01
-9.136610769849313751e-01
-3.815046874036960300e-01
4.213774058607777095e-01
5.838077163580577267e-01
3.900195248107600765e-01
6.500897714074966860e-01
-1.536194067603373625e-01
-1.443349171217043203e-01
2.336030450320603080e-01
5.772448147675983687e-01
6.117099844665998543e-01
4.579172674958287281e-02
5.029393756961030026e-02
5.204493398709106877e-01
1.887065942174819266e-01
8.849098811570350609e-01
-3.033550798897028944e-01
2.753847833891653885e-02
-1.000000000000000000e+00
9.529488187812178435e-01
-1.213216759548307877e-02
-2.125801214763343161e-01
-4.390772229948032290e-01
-6.521851743978130944e-01
-6.430293353757938757e-01
3.277763705153758922e-01
3.631869515016392658e-01
8.671064979713263288e-01
8.948476475280608966e-01
-8.683243511283894600e-01
-8.332994390477226343e-01
-2.419173436332078264e-01
2.999427054569123730e-01
5.034385302671287032e-01
-3.289370998740048790e-03
3.814539157035325978e-01
2.141177582394735435e-01
-1.542213718207394724e-01
3.949417257707459328e-01
-2.548112275773233293e-01
6.440026938537969370e-01
6.294406923367917850e-02
6.035066956190529019e-01
1.064594580768873922e-01
1.892171788448557823e-01
2.187068680068580129e-01
