-1.000000000000000000e+00
7.625818653039730943e-01
-2.803217472539767385e-01
8.224492154580356207e-01
-5.509448592121388710e-01
-1.000000000000000000e+00
1.000000000000000000e+00
8.967704138246979095e-01
9.884919797188512769e-01
3.939701515283222655e-01
5.370040761119305728e-01
-1.000000000000000000e+00
-4.487211028895212728e-01
-8.383550135599431297e-01
-5.010293303417691080e-01
-2.010466848663230444e-01
-7.284893101914696745e-01
7.165627879485958474e-02
7.012911063421778390e-02
-1.542282978546803407e-01
9.094379131157035445e-01
1.866511936138913197e-01
-5.772341671138744301e-01
1.112082898777101425e-01
-7.325959906741292826e-01
5.522992444786439803e-01
-3.247519617517700130e-01
3.513227096831585961e-01
3.187405996138408248e-01
8.511831356326986509e-01
4.421116349608564811e-01
-1.000000000000000000e+00
-3.884591191141836264e-01
-4.950590280325639636e-02
-9.500834684613261860e-01
7.618850400904579878e-01
1.000000000000000000e+00
-2.474848527281794386e-01
1.809207473928478027e-01
9.896647718876354638e-01
1.000000000000000000e+00
-4.799464523829177764e-02
-9.247989395656270872e-01
5.683862356095761292e-01
-2.755779747807423075e-01
4.956160466583536817e-01
5.332124470370269709e-01
6.515210221451839256e-01
-6.145560733618211646e-01
-1.628337711620866379e-01
4.665132895007630953e-01
4.222930286103854236e-02
1.116861798268527495e-01
-1.000000000000000000e+00
9.042598665627470111e-02
-3.342151382915203861e-02
-4.431926085778641333e-01
-2.237074044949812490e-01
5.207201672864485431e-01
4.800011648395616781e-01
-7.808680376376747612e-01
2.625065670965259224e-01
9.945988069286946232e-01
8.569509661230956254e-02
2.860112546318522297e-01
1.164588249563807132e-01
3.237079462685439890e-01
1.354934774880821591e-01
-9.797505540093975895e-01
-7.500586571276595116e-01
4.356954043106437968e-01
-1.000000000000000000e+00
1.000000000000000000e+00
1.000000000000000000e+00
-9.058048085991377008e-01
-6.930590538857068772e-01
8.567466197297103347e-01
9.798890582524315551e-01
-5.674345381294630952e-01
-1.000000000000000000e+00
-1.971903282469484320e-01
3.322699682753171846e-02
-2.787879168641419492e-01
-2.479473773856326890e-01
1.270244231436029048e-01
-2.144622897019061725e-01
-3.128632351444575743e-01
-7.640326631899954091e-01
-1.000000000000000000e+00
9.213712321108923353e-01
-4.751511564848601155e-01
-1.000000000000000000e+00
6.072250123265583444e-01
-6.501670964248117413e-01
8.299696965459317788e-01
-6.100627309945643173e-01
-1.000000000000000000e+00
-8.300146317639143234e-01
-1.964298014670173842e-02
3.462474254825068654e-01
-1.000000000000000000e+00
6.608885217760118724e-02
1.000000000000000000e+00
-5.914389482621285055e-02
-7.005180249647484647e-01
-4.488016032116367571e-01
1.000000000000000000e+00
-5.037357438752776417e-01
1.000000000000000000e+00
4.560379654148582484e-01
-7.063725994191856206e-01
3.779441738624334524e-01
-8.367354806971462056e-01
-8.201190368798780828e-01
-1.000000000000000000e+00
-3.683782637215144984e-01
6.418124680177174080e-01
4.786712634817125167e-01
-8.131032342672255275e-01
1.131789759954981989e-03
4.056776471856426980e-03
-8.511755877753331978e-01
-2.565012648480458068e-02
-3.998612322639444328e-01
-1.000000000000000000e+00
-4.687812420421659798e-01
-1.615621292339112225e-01
4.719963026186653199e-01
-9.245844942702647895e-01
-3.294796352602500367e-01
8.952852312336928575e-02
6.937447655529811463e-01
2.903319464475344613e-01
-1.495085051864153414e-02
-3.922476864567110422e-01
-5.782305569511872467e-02
-2.872583466096508276e-01
-6.806449259097291371e-01
1.539952313418853636e-01
5.688553278854369122e-02
-5.032091194611977292e-01
9.524792687006435887e-01
-7.480598924860111243e-01
-9.910321817068499239e-01
-1.000000000000000000e+00
9.574603550846467748e-01
-7.087773942528668991e-01
9.899994673385758004e-01
-4.051644380951532898e-01
-2.917732045679219954e-01
1.623905099486830927e-01
-2.006760407479084574e-01
-1.000000000000000000e+00
1.000000000000000000e+00
2.337678994974056734e-01
6.203474403238485868e-01
-1.000000000000000000e+00
8.641009101881329535e-01
-5.352565298845290975e-01
1.000000000000000000e+00
-5.474493268330609119e-01
3.019964007977473663e-01
7.390153802425105667e-01
-1.000000000000000000e+00
7.819421350164756923e-01
7.897486046583128694e-01
-7.640112761508066619e-02
9.239489299554626278e-01
2.449106346096556752e-01
-1.000000000000000000e+00
6.231180141567000952e-01
-5.474599701529758722e-01
7.800181526425706835e-01
1.000000000000000000e+00
4.752920528589700266e-01
3.036577642028565061e-01
-8.714532519551516643e-01
9.129113556800538820e-01
-1.182335664810330034e-01
5.951666855693340530e-01
-1.000000000000000000e+00
-4.209789162269890195e-01
-7.310614839239812368e-02
2.663300592050865667e-02
-6.066410725617621402e-02
1.000000000000000000e+00
-6.035347765950614951e-01
-4.347959721052185866e-01
-3.417324683401214425e-01
9.698611469909778071e-01
-7.283539622979475769e-01
-3.232262897235370080e-01
1.000000000000000000e+00
-2.143766668559112243e-01
7.057415638378707057e-02
7.800261060690349968e-01
-1.000000000000000000e+00
-5.114918126903934548e-01
-9.029906526952176105e-01
4.519347960099950878e-01
-1.000000000000000000e+00
-2.351859443969709085e-01
5.868528085790636339e-04
-4.822401671054112882e-01
6.992774130418397682e-01
1.000000000000000000e+00
-5.144434950310865506e-01
-2.523499406601985573e-01
-1.000000000000000000e+00
9.810173795919017170e-01
-2.729511035277203956e-01
1.000000000000000000e+00
-1.126731517277389516e-01
7.079180691006996540e-01
5.228200583920727951e-02
-9.643493399267359933e-01
-2.827264497705086477e-01
-1.000000000000000000e+00
1.000000000000000000e+00
5.609079284293130296e-01
3.927334606459884636e-01
-1.000000000000000000e+00
7.505129514238217947e-01
1.991322867215662429e-01
-5.566437494909137751e-01
-1.495567786271283506e-01
2.765511861495764112e-01
-7.370533761075463985e-01
-9.329077526512290497e-01
1.000000000000000000e+00
-9.737735375171324703e-02
-3.150569020200462700e-01
-1.000000000000000000e+00
4.242413280295986855e-01
6.671120770743257378e-01
-6.457625260536159484e-01
-6.896438176743746595e-01
-3.977837881733883307e-01
-3.932448815956426369e-01
1.000000000000000000e+00
8.004813285364822395e-01
-7.374613056718009041e-01
8.283163973662541757e-01
9.940543749078429858e-01
7.967284798582514593e-01
7.355212709145613204e-01
-7.732283516226631792e-02
-2.879540568097260222e-01
6.399882818102086146e-01
9.259294597302294427e-01
-1.000000000000000000e+00
-6.242487243048049361e-01
7.643552563274207401e-01
3.345598650925186712e-01
3.715332047397617021e-01
-6.035680754150988259e-01
-1.000000000000000000e+00
-4.012913375578950337e-01
1.005241332839454937e-01
-3.979006867524869651e-01
-8.158892417494763016e-01
3.259717010627019573e-01
5.448742064220011283e-01
8.050635480633938634e-02
2.574414606399089145e-01
