-5.762418033543998952e-01
-7.335321534148813161e-01
1.476998888018779266e-01
8.140496107980207396e-01
-1.109706322375058063e-01
8.898430482812942355e-01
-5.423262633858297876e-01
-4.704508014466405319e-01
3.586402880573401619e-01
1.000000000000000000e+00
-6.778561295847640444e-01
4.494865986992486739e-01
1.000000000000000000e+00
4.485140691768404464e-01
1.000000000000000000e+00
4.926070228499441761e-01
4.059267356486154221e-01
6.124976781209201526e-01
-6.346318780355303391e-02
-1.000000000000000000e+00
-1.000000000000000000e+00
-2.345762416214440815e-01
-6.825363803354915770e-01
-1.000000000000000000e+00
-2.938176814946880100e-02
-1.000000000000000000e+00
4.174076817279867013e-01
-1.065909557392590856e-01
6.602868159357428990e-01
5.548250170227762013e-01
6.329363423781957376e-01
5.922594891417343188e-01
7.113200013819405143e-01
8.107509289652137241e-01
4.497277573794681849e-01
-1.000000000000000000e+00
7.762120799512142177e-01
5.628780831292561349e-01
-1.000000000000000000e+00
5.018348724503367553e-01
8.486638198393918753e-01
2.311381161887837710e-01
2.385358406812274623e-01
-8.928007613142561194e-01
6.137935779736944930e-01
1.403523867187693175e-01
-1.355569703516716906e-01
1.000000000000000000e+00
-6.603648973282975065e-01
-7.060415440574874246e-01
-9.389451512660265120e-01
-5.860170685122111367e-01
5.181809600030393703e-01
4.976239140342439415e-01
6.148485444799234312e-01
-4.253761489423565911e-01
-1.265313954735716173e-01
-2.486341430347738246e-01
-5.687910431258113020e-01
6.442551227229758037e-01
-1.000000000000000000e+00
3.237286568927826291e-01
8.581983585661075997e-01
1.000000000000000000e+00
8.251073643893678256e-01
1.262705457118173391e-01
4.067842285827691917e-01
-7.776987139388840120e-01
1.000000000000000000e+00
4.968653168327770153e-01
-1.000000000000000000e+00
1.000000000000000000e+00
-6.205230427263813686e-01
4.372201599252710236e-01
8.106824845471709562e-01
-3.801041607667565714e-01
1.000000000000000000e+00
3.401523994104804771e-01
-1.714105770719032140e-01
-9.316629379206897710e-02
-9.790159961181185144e-01
1.000000000000000000e+00
-1.669929596201836230e-01
-2.426594637364271057e-01
4.755431632658826957e-01
-7.950606274652763372e-02
2.299528456349730909e-01
-1.000000000000000000e+00
1.000000000000000000e+00
7.609906078250554540e-01
-6.851547259116717858e-02
-1.452322655622958480e-01
-1.000000000000000000e+00
3.212025465902929589e-01
9.483175348462531407e-01
9.244440739031332122e-01
4.900322825331137055e-01
6.956832397102374888e-01
3.134468773995363611e-01
4.640236026933703961e-01
6.075224469447331188e-01
8.620524615524048917e-01
2.750210776320904937e-02
1.071985354207250773e-01
1.000000000000000000e+00
-7.411738566487535707e-02
1.000000000000000000e+00
1.000000000000000000e+00
-6.944612716587583723e-01
-1.000000000000000000e+00
-9.510073147838096208e-01
2.272024037091637805e-01
2.020866228880087156e-01
5.571451115159282708e-01
5.543316180017422434e-01
-6.771878328672762404e-01
3.660961807485890174e-01
-5.184664952704094443e-01
1.000000000000000000e+00
-5.191169914339717195e-01
-5.190407815595563523e-01
-8.136602853948839975e-01
-9.088678086191501748e-01
-3.088311146210904745e-01
2.726460857944280058e-01
8.648882056417137587e-01
8.449724486463687789e-01
-1.000000000000000000e+00
1.000000000000000000e+00
-5.140406108768007520e-01
1.524568891559426875e-01
-1.000000000000000000e+00
-3.002355604261097710e-03
7.184689373637612730e-01
-5.822641823896868019e-02
-1.000000000000000000e+00
4.790518874588517440e-01
-1.000000000000000000e+00
-1.182355367634665422e-01
-1.000000000000000000e+00
-5.411935155494534966e-02
-7.252005022236284182e-01
1.681704183908779363e-02
-3.352885945883015695e-01
1.395243434349860701e-01
6.638551517257692547e-01
1.556133185933225582e-01
1.000000000000000000e+00
3.830471425453252365e-02
1.956579359598110135e-01
-1.000000000000000000e+00
-6.192448010264296476e-01
1.791073662459694571e-01
7.533023709987747285e-01
-1.000000000000000000e+00
5.344670314518173981e-01
1.328543191888142960e-01
-1.000000000000000000e+00
8.965148728474386930e-02
-2.300153489706258103e-01
-8.199483041828881102e-01
-1.000000000000000000e+00
1.172126751145460832e-01
3.634408173014638810e-01
1.000000000000000000e+00
-6.889895494528559539e-01
-7.528792565613219301e-01
-1.446137598146670644e-01
1.921102541567654143e-01
7.866918193939979043e-01
-4.487259132395765571e-01
1.000000000000000000e+00
-1.816980002813319839e-01
1.975907865485250769e-01
2.481331222325997565e-01
-1.000000000000000000e+00
-3.624478786801536012e-01
1.000000000000000000e+00
-5.257935141258403278e-02
4.132267984507146941e-01
4.126101098959093494e-01
6.852500431047656715e-01
5.018057084036537940e-01
-2.157079934609397731e-01
1.000000000000000000e+00
-6.798307739042657172e-01
-3.006380723802522525e-01
1.264164114419923379e-01
-1.216538171696617682e-01
-1.000000000000000000e+00
2.119217643121260597e-01
-2.659774161772869849e-01
-6.285935686646360043e-01
4.177501099052290945e-01
7.390649323110078939e-01
1.065053315650685839e-01
-7.177685653339445082e-01
1.000000000000000000e+00
-1.689695436471566059e-01
-2.708062604715488764e-01
-6.265635583611647297e-01
5.836479356677870545e-02
2.088860946989657408e-01
-4.882569757108001091e-03
7.945007673312196594e-01
1.132162697498027004e-01
-7.066624919629533874e-01
1.000000000000000000e+00
-8.526142089863721907e-01
-6.608138756336598973e-01
-1.000000000000000000e+00
5.027400169351116110e-01
1.000000000000000000e+00
-1.055717462127203632e-02
3.655844611651993259e-01
1.430590304025963211e-01
-1.055837717700405243e-01
7.019901851938867843e-01
9.392145266981234419e-01
-5.633403048659415546e-01
-2.212781195300681514e-01
-2.311607232683507429e-02
-2.662491407298960278e-01
7.546810237437663327e-01
1.000000000000000000e+00
2.909480448920422901e-01
-5.626052382548635267e-02
-6.161828376224739445e-01
1.797541214744224902e-01
-2.290575682615858533e-02
-1.000000000000000000e+00
-1.000000000000000000e+00
6.675319437021038915e-01
6.095537965810942094e-01
1.000000000000000000e+00
-8.898237266165787140e-01
-2.917862514763286397e-01
4.538666663674151280e-02
8.935603185510423430e-01
-4.345272043282976115e-01
3.615240012393753921e-01
-1.851754505796820993e-01
-2.785461447440816807e-01
-4.962090388657255380e-01
-8.152708443813260208e-01
4.352784153386759503e-01
2.644016334982626781e-01
6.348549777756322676e-01
-2.496084249362037211e-01
1.192074784115689789e-01
-3.341302350507587282e-01
9.252476900566659612e-01
4.300565261183459942e-01
8.243622909308725433e-01
2.478128982276766035e-01
-2.389242245012078436e-01
4.148638019681122890e-01
4.840342742896240891e-01
-5.742573929152803291e-01
4.973328806096969368e-01
3.327651921337765328e-01
-1.000000000000000000e+00
1.868591080965350537e-01
1.000000000000000000e+00
-5.938463490512743137e-01
