7.841774587414052089e-01
8.956046916452802265e-01
9.861479633793188704e-01
7.155172532855376133e-01
1.618009801521087532e-01
-1.832309998973415954e-01
4.148479398300695120e-01
6.061559898583617212e-01
-2.285245596463933715e-01
-1.518984590442689075e-01
-1.000000000000000000e+00
6.933985831562281543e-01
-1.000000000000000000e+00
-1.651767258617352629e-01
-1.000000000000000000e+00
9.530076774510487514e-01
-1.984136893774806343e-01
-3.600773368696544297e-01
-7.954359700791140408e-01
-8.263603443634114365e-01
5.298482693360950790e-01
8.754706044122095854e-01
-5.089478559572275795e-01
-6.923003707026238462e-01
-1.000000000000000000e+00
7.545108465107075446e-01
9.754507265528244986e-01
-7.401577188620080960e-01
8.413760326184982485e-01
4.097100069008744461e-01
2.660653965663438147e-01
-5.682955981531537804e-01
9.702204324730628882e-01
1.255289465528772741e-01
-8.732748695775925940e-01
9.870399726688839914e-01
1.000000000000000000e+00
-5.220872282263901987e-01
-2.665886940842652764e-01
-1.000000000000000000e+00
-3.160774672481786451e-02
7.076695888926818334e-01
-2.912666821522893468e-01
-1.000000000000000000e+00
1.407432984068926474e-02
-1.000000000000000000e+00
5.387224530636485209e-01
-3.862788937142118684e-01
5.856506781862280686e-01
9.513147979969096557e-01
6.398484655046057235e-01
8.489419005699189169e-02
-7.513895910857478766e-01
2.038773806523963561e-02
1.762228530884187294e-01
6.717132288945938390e-01
-6.535200191117823687e-02
-1.931423720266011168e-01
8.999499353204696295e-01
7.909060405329126908e-02
-8.189943021586073568e-01
-1.897987951441155730e-01
7.721808679554998944e-01
2.684942759865038830e-01
9.566323539978933699e-01
1.576620629811542607e-02
-5.622979862895731706e-01
-1.640472840541103428e-01
1.431391654953539927e-03
1.719717721685850575e-01
7.056821905069292633e-01
8.880966679481503423e-01
-9.838728600431889681e-02
-3.128961425068077506e-03
1.000000000000000000e+00
5.405156424191277509e-01
1.830928323255006651e-01
-9.003528314843145530e-01
2.524465921848539351e-01
8.207844708623692753e-01
-6.096913861550932179e-01
-1.000000000000000000e+00
8.427953066507267721e-01
8.316985974031418927e-01
6.108717706142694492e-01
-4.104580049747252879e-01
-4.029740012709404073e-01
-2.848446763518314162e-02
9.258888634218960245e-01
8.230844913280734865e-01
7.604001906375288389e-01
-1.000000000000000000e+00
-5.593268212262958450e-01
-4.286888353004094654e-01
-2.393581579543968552e-02
-5.277360002201714195e-01
-1.000000000000000000e+00
3.596973458365064769e-01
1.000000000000000000e+00
-7.954609030649038015e-01
1.477962460632042951e-01
1.000000000000000000e+00
-1.000000000000000000e+00
7.398412916786858418e-01
1.000000000000000000e+00
-4.696207601938284792e-01
-7.660748280156541856e-01
9.089643344518841817e-01
-9.587953349389743973e-02
6.281154236984609618e-02
-5.973991587653609825e-01
-6.005748753957800279e-01
-4.566381395268902521e-01
6.489796347631655582e-01
6.168927821165646197e-01
1.369342536980837632e-01
-3.610962203784260360e-01
-9.850773522703994145e-02
-5.235181153838308621e-01
-1.000000000000000000e+00
-6.535065307117251532e-01
1.000000000000000000e+00
-1.711865743000646756e-01
6.232053152648167060e-01
7.075289534475976971e-01
-5.895517375009883265e-01
6.484708610302150067e-01
-7.345687241102500931e-01
1.376172733219791500e-01
5.558153810716228715e-01
8.880214901619976064e-01
6.238247884790310005e-01
-6.039957474325767794e-01
8.747545491439180365e-01
-1.353598517224812725e-01
8.208195914258584747e-01
-1.000000000000000000e+00
7.170724722154897535e-02
4.002653551802866083e-01
8.058504797278778220e-01
1.000000000000000000e+00
-1.000000000000000000e+00
-1.264753142104184658e-01
1.000000000000000000e+00
-4.520935307154945182e-01
4.586633650293643338e-01
5.283394590419197012e-01
9.529787678712413612e-01
-6.980326962168472704e-01
-8.549865240224541196e-02
1.295946856653088508e-01
-6.647966773317472988e-01
-1.125406626659467002e-01
-1.183296443780148532e-01
7.548096636558231376e-01
3.522915841925369218e-01
-7.482925699691522770e-02
1.000000000000000000e+00
-4.002121504954760378e-01
-5.124387804988698170e-01
3.076227897590945726e-01
-8.001710441579448774e-02
-1.000000000000000000e+00
-4.141416113980931901e-01
1.414374848108301830e-01
5.676832498299126950e-01
-4.209817019904298352e-01
8.724684982159185420e-01
-7.041245242305014251e-01
-5.949184341421723810e-01
-3.060369161623888168e-02
-5.535109018839664552e-01
4.117832413995973773e-01
5.540659202778162040e-01
1.590465274937655771e-01
-8.281690777070633835e-01
-9.980173769048787946e-01
-4.253461480105285020e-01
-9.626560675971294889e-02
1.000000000000000000e+00
-1.333582464570184367e-01
3.112965850590026506e-01
7.987442520290961578e-01
-1.886116882161416874e-01
-3.529167519196166891e-01
4.566743026337400924e-01
-4.662479035688784634e-01
-5.084947540970736757e-01
8.092676911110087135e-01
2.693768895883263959e-01
-1.000000000000000000e+00
-3.335082512917329767e-02
3.470098889225463612e-01
2.431929312230944884e-01
9.782284957883335963e-01
7.398897228608551924e-01
4.791644589699189938e-01
-5.939492842447298138e-01
-6.453266075691550530e-01
1.000000000000000000e+00
-7.547975850063473047e-01
-5.724435376405547782e-01
-2.918009122545369705e-01
-7.632684550982316019e-02
-1.464887106524581650e-01
8.335808113753162552e-02
-6.749372430924776012e-01
5.343133575642022848e-02
3.773643829507349334e-01
-1.000000000000000000e+00
-1.000000000000000000e+00
4.014692783390839681e-01
9.906971433241978930e-01
-9.159555264204615188e-01
-1.000000000000000000e+00
3.381572342988298230e-01
2.839305737497719306e-01
7.475045208586234002e-02
1.000000000000000000e+00
-4.331616523745140945e-01
-2.989802232606357801e-01
7.845773461567139284e-01
7.754693792966289578e-01
1.135291592652274417e-01
4.578435260439519539e-01
9.558529497895453808e-01
6.113227863034143006e-02
-1.000000000000000000e+00
5.589506334465961235e-01
-2.476287312082172676e-01
6.600096428721984321e-01
-4.305976635376418393e-02
8.896902136612525602e-01
6.126778607575701363e-01
1.682549827963142342e-02
-2.831793495956957396e-01
-7.680857796352875688e-01
9.131976752246118156e-01
9.787116772831683242e-01
9.271317867613634300e-01
6.027877123342544330e-01
-3.109506736900922164e-01
-9.789015783459795728e-01
-1.047818431257853677e-01
3.497335844092696044e-01
-3.279695934641270738e-01
-5.262210502864803630e-01
5.885743951393362927e-01
8.913899090312477069e-01
-7.390562299579453986e-01
1.009285504649135579e-01
9.803327976708041680e-01
3.676293273536119788e-01
6.035055018829001972e-01
3.748391718073817991e-02
-6.246812743456403583e-01
-1.000000000000000000e+00
-3.234941007735976926e-01
1.921461568851348667e-01
4.162856569122326267e-01
-8.628533908146349685e-01
-8.014450035219629065e-01
1.000000000000000000e+00
-9.373387893196409859e-01
6.755863102581138868e-02
