9.211203763507005426e-01
-1.000000000000000000e+00
2.403778258785349564e-02
3.292140024049172720e-02
3.396596129169421330e-02
-5.175075351368312315e-01
-1.000000000000000000e+00
9.202285572213326770e-01
-4.665145599321990910e-01
-4.347801542318242007e-01
5.875470417576729165e-01
-6.869648561541570331e-01
-2.559175601041486781e-01
8.973052566479443604e-01
3.702864121239723971e-01
-7.872547312853863666e-01
7.016475117395304384e-01
3.998966369233563078e-01
-1.796991101957631232e-01
5.456891007343437350e-01
8.645578892954575156e-01
-1.000000000000000000e+00
3.476082709104610924e-01
6.804341149711207182e-02
1.267842809855357911e-01
-6.066281698284582413e-01
-6.601479799504335055e-01
-2.639416721619738393e-01
1.891415468142157996e-01
-1.000000000000000000e+00
-9.125092697560468480e-01
6.729144178168313672e-01
-1.452737166536806068e-01
1.000000000000000000e+00
7.424500538206839639e-01
4.517164306361755033e-01
-1.000000000000000000e+00
-3.778336552269867532e-01
4.673387025491232416e-01
4.852962684398136606e-01
7.407396607790757148e-01
-6.717761428213941954e-01
-9.884427620378747337e-01
9.242447319550950446e-01
-1.990152734544623492e-01
9.235301494494696506e-01
-6.032558003497583421e-01
-3.550500856110484493e-01
4.818672248036759420e-02
-9.883893077630565571e-01
1.000000000000000000e+00
3.703227452057019087e-01
5.483857139662027258e-01
2.510690588368427179e-01
3.725337865920497760e-01
8.598530296254636163e-02
-7.606940157128132540e-01
1.000000000000000000e+00
-7.100091115360802618e-01
-3.000789762143722395e-01
-4.855796202979374421e-01
-1.000000000000000000e+00
7.951722728042337485e-02
-3.168847927148894517e-01
-1.662155903454267669e-01
-8.367511664785585168e-01
-8.519667895582053174e-02
4.684008275798591248e-01
1.000000000000000000e+00
6.209858906980790794e-01
3.676349913159353555e-01
-5.814840473262636866e-01
4.339559240359368020e-01
1.000000000000000000e+00
4.232490344584891595e-01
2.345593299055850067e-01
3.810775246782471815e-02
7.815438139330284084e-01
-1.000000000000000000e+00
-2.215455839317430620e-01
2.199848345427077301e-01
7.572072164998826516e-01
-4.418590921075247202e-01
9.933742972653909764e-02
1.000000000000000000e+00
-3.594171659704237798e-01
-9.795791051514437520e-01
-4.261447688912434750e-01
1.153755563696284292e-01
-8.183319455243283080e-01
-5.289907925088046525e-01
7.376688920362960422e-01
5.104139712765085601e-01
-6.383014268977061922e-01
1.000000000000000000e+00
-9.528732870882976602e-01
6.664823615280068836e-01
3.152429598530634980e-01
-9.391352177335736684e-01
5.177352282062946953e-01
5.471340231245769292e-01
1.170695357252433677e-01
-5.617202910097260915e-01
3.392986599292796557e-02
9.675753451941810912e-01
1.000000000000000000e+00
9.288420019319869603e-01
-1.000000000000000000e+00
-2.037013885736707053e-01
-1.000000000000000000e+00
-6.323771384216656521e-01
-1.034881905912206634e-01
3.415919016087528015e-01
7.569002923349998913e-01
8.635077570480742537e-01
1.000000000000000000e+00
-5.001409275670044563e-01
-9.430856479214488886e-03
6.749487426368068199e-01
2.829552632588556715e-01
1.963199261828589282e-01
-5.438791673635078733e-02
-1.436195132410539865e-01
-6.972147136365678399e-01
9.938574667202930701e-01
1.000000000000000000e+00
-5.887442092674413652e-02
-8.894598170244731872e-01
4.106056852230610676e-01
-1.240669455580381553e-01
1.000000000000000000e+00
-5.407144275888513540e-01
4.616797492573965211e-01
6.014226527600732286e-01
3.012266340903002604e-01
-6.945805901596407983e-01
6.718446092459864349e-01
1.118846114297964156e-01
3.498368769272883760e-01
-7.914396826559735310e-01
7.391200284249863639e-01
-3.166788146805179505e-01
1.000000000000000000e+00
9.393600237491792626e-01
-4.530230585440317426e-01
-2.190595857667836655e-01
-2.587079003234982189e-01
6.687959458544674440e-01
-8.596627509966557890e-01
9.346097371217447769e-01
5.494136661243953501e-01
-8.470951376928137488e-01
4.986051302347087599e-01
1.500826591373294328e-03
-1.000000000000000000e+00
6.210954628723988069e-01
5.890236340605706777e-01
-7.813822477627615504e-01
-1.660821273544620669e-01
1.721362461785294617e-01
9.645446576391518700e-01
-9.123994446258487656e-02
7.926778934069576010e-01
8.229589203328442348e-01
5.274136997001743765e-01
-3.007821817320226465e-01
5.077806344824663531e-01
-1.000000000000000000e+00
6.801092137157981332e-01
7.778727788360446649e-01
8.429587155080038308e-01
3.257314155983601633e-01
-9.432787983229180551e-01
-4.595001948722416962e-01
3.593319671504396351e-01
1.000000000000000000e+00
-5.770253604546351500e-01
7.891987492305641005e-01
-8.875114166901661994e-01
-1.611226861876693672e-01
7.597312571303698192e-01
4.734016252837798255e-01
-7.023327353107728932e-01
5.934433727085942634e-01
1.000000000000000000e+00
-5.449773946614036024e-01
3.033977238243169006e-01
3.370592392512962165e-01
8.379381552394074006e-01
-8.461039522192839168e-01
7.367821994378953576e-01
1.039348359904982422e-01
5.285013353827303639e-01
-2.083833906695112537e-01
-7.346931561235999775e-01
-4.998619351230713104e-01
1.000000000000000000e+00
6.935943738613066234e-01
-6.005070979006390530e-01
-8.731518570754249753e-01
3.866915371650744282e-01
-8.492808351729899119e-01
1.000000000000000000e+00
1.986660566754159252e-01
-3.737848737864311599e-01
7.256712324346281662e-02
-1.415113292932453914e-01
-7.856461928268678729e-01
7.561622220587003174e-01
-1.466113018811965318e-01
-5.531576035317822271e-01
8.153335806268029451e-01
2.816889932971970989e-01
-5.485624128891192219e-01
6.432004527202770383e-01
-6.157860467170266361e-01
-1.000000000000000000e+00
-6.668324500614664085e-01
1.000000000000000000e+00
-4.730143652356992856e-01
4.035774380526935268e-03
-8.104602969815436486e-01
5.255811589203567280e-01
6.307052439363844965e-01
1.622448923996847592e-01
1.091759807751087885e-01
-3.017212152552384286e-01
5.048806682518242051e-01
1.000000000000000000e+00
1.000000000000000000e+00
-6.586613885447076822e-01
-5.625543285561493967e-01
2.834776140026574742e-01
6.754188219607537569e-02
1.000000000000000000e+00
-7.404572391003823029e-01
5.535954012249200140e-01
7.408071785461236569e-01
9.435883122486763419e-01
-1.489543129623431827e-01
1.793062247003716081e-01
1.009719320403648646e-01
7.607053480045788962e-01
-1.000000000000000000e+00
-2.199265015653779631e-01
2.070327737624118036e-01
-1.833861520196983230e-01
-4.417102999311748324e-01
1.000000000000000000e+00
-1.000000000000000000e+00
-3.070355941600273475e-01
-4.271918536721057702e-01
7.188750246387376475e-01
1.000000000000000000e+00
4.342990096679171241e-01
3.302726377594609186e-01
8.412003866967676657e-01
4.456044803032310070e-02
-3.272513084335403333e-01
5.980602456550978552e-01
-5.800372145621554010e-01
-2.744964439044119686e-01
1.256974678450417660e-01
4.018904544431423087e-01
-3.295591207995394734e-01
