-4.356415000634161760e-01
-6.787828862828504395e-02
1.000000000000000000e+00
1.101471761897269142e-01
6.806374963002186362e-01
6.375436445818032372e-01
-6.359805948054875202e-01
4.990622167803991371e-01
7.834733138809055752e-01
2.026664769599741955e-01
-1.178071402268994206e-01
1.000000000000000000e+00
-3.633713569374172891e-01
-5.033511032220986392e-01
-1.000000000000000000e+00
-3.628907783320728386e-02
5.034929106266443632e-01
-7.830844374255678808e-01
-1.447467433966616035e-01
-1.968368700667268711e-01
5.161161642725402565e-01
4.278938266127132461e-01
-9.890608481227733950e-01
6.407580426874122104e-01
3.484291327877258038e-01
5.632481792583874380e-01
2.446527173258632448e-01
3.816491422713202408e-01
4.326170436374361383e-01
-7.569096176830503175e-02
1.075121172058757513e-01
-1.000000000000000000e+00
2.097289602858323221e-01
8.515649735463631798e-01
4.852166285609100793e-01
-3.025633731460914411e-01
-6.208481715687699243e-01
-9.804171526262523972e-01
-3.793214769817035981e-01
-1.000000000000000000e+00
-6.201195157823502502e-02
-3.019598777536420808e-01
-4.362001770596831696e-01
-1.000000000000000000e+00
4.674385236469996152e-01
-9.970615593008095301e-01
1.000000000000000000e+00
6.563361874413292663e-02
-1.000000000000000000e+00
-8.819398532031164084e-01
7.238533215532374498e-01
-9.584696604835718503e-01
1.000000000000000000e+00
1.328819377064349716e-02
-3.640987931269997202e-01
7.514333645100788051e-01
5.850143596098202892e-01
3.158478598890231970e-01
-4.321009764672236741e-01
-8.569424000098369021e-02
-1.000000000000000000e+00
7.042887680099937375e-01
-8.883168346100418500e-01
5.589605515751882026e-01
2.939402346152240053e-01
4.010212161697226385e-01
-8.999246309429043134e-01
5.329322041192452453e-02
-1.049829745989019347e-01
-7.534290504711281811e-01
-7.655229625331930743e-01
2.400251187650437601e-01
1.000000000000000000e+00
-1.096381058456140783e-01
1.344869282103767355e-02
3.722131792573375453e-01
-6.142885170736269718e-01
-8.059059686004783618e-01
-4.084186766436626037e-02
1.600272974480658750e-01
-6.627601615803411228e-01
-6.860101954604762575e-01
-5.767160543123489580e-01
-4.369188202407685573e-01
6.244839778724842194e-02
-3.366529545148795322e-01
7.693720284578393631e-01
3.222066378889913985e-01
-7.135347437247440139e-01
-5.036739206124165591e-01
5.003371184743387046e-01
1.187776228625418984e-01
-1.890297014318920166e-01
-4.127440304565748175e-01
-3.485477445911155936e-01
-3.730584433349120599e-01
-5.113518116610573649e-01
3.695300580127469647e-01
9.507227404472459176e-01
-2.986513669500268087e-01
3.603279917376995822e-01
3.909348474687407982e-01
-1.000000000000000000e+00
-4.084893918058185580e-02
2.802082065237820330e-01
6.969550734800116221e-01
5.250329682351183580e-01
8.294089638031902911e-01
-1.000000000000000000e+00
-4.952249177400173119e-01
-3.669703510182659167e-01
1.000000000000000000e+00
-1.000000000000000000e+00
-1.942545108306060753e-01
-1.000000000000000000e+00
-2.166621321284407653e-01
7.706048993270133707e-01
-5.933076230005748242e-01
6.300895756854842933e-01
4.171222678970363806e-01
5.511473881242907602e-01
6.130760847749612275e-01
2.620859662408725477e-01
-2.978930124771442811e-01
1.000000000000000000e+00
1.024027910050830936e-01
8.898352611010043045e-01
-6.991539780551989658e-01
-7.897492135865071816e-01
6.993005636057769703e-01
4.832028004995512216e-01
7.497852263498325787e-01
1.484371444275769947e-01
-9.478678016617342328e-02
-2.009556864443395874e-02
-1.000000000000000000e+00
9.562913382323272593e-01
3.640664084920444132e-01
-1.000000000000000000e+00
7.720801605509227672e-01
-1.001595508420316527e-01
4.539436046001424918e-01
-7.326381467291404048e-02
7.456681116279781918e-01
1.860405640051610021e-02
-5.484808878444553670e-01
-1.000000000000000000e+00
-7.966565150730702261e-01
1.000000000000000000e+00
-8.437003868269241647e-01
9.423989580143832256e-02
-3.069747571627134963e-01
-2.069961459234574974e-01
-2.979258058643907692e-01
-6.589864979594148853e-01
-7.482332129992070868e-01
6.531165555856905947e-01
9.698756152642820094e-01
-2.903194975759835206e-01
7.524038937087236256e-01
7.370474518090257554e-01
6.635579035151750737e-01
-9.980024331114756286e-01
4.030510628292830466e-01
-1.000000000000000000e+00
9.586817819323241174e-01
4.760939235426123739e-01
8.496356643019857824e-01
-4.887056001230364877e-01
1.020988672703986300e-01
8.445236205824400155e-01
5.699605255014372762e-02
6.555751967830789617e-01
-4.576752192197885982e-03
-1.000000000000000000e+00
6.178725575503276612e-01
1.000000000000000000e+00
-6.543422439381436639e-01
1.648271618217388435e-01
-5.450678088437777014e-02
-8.226714194794793045e-01
-5.799123672430186449e-01
-2.191961701294660170e-01
2.381239864778688098e-01
8.233228035813484613e-01
-7.583302411251779951e-02
-6.449874438515355024e-01
2.300935627089426561e-01
-2.343373844030656183e-01
-6.365453746837210769e-01
-4.098186460054074054e-01
-7.457591827637144455e-01
-6.023099363920172422e-01
4.400763216678384993e-01
7.762178752174500040e-01
9.878569417130458330e-01
-6.788680316499211553e-01
-6.086455394349061798e-01
8.908477990817641468e-01
-5.017513740607303374e-01
-9.204779086077639061e-01
-1.944490174999642385e-01
6.963598566857589489e-01
-9.641919666398836020e-01
1.000000000000000000e+00
-4.587009058673714446e-01
4.821286184808749042e-01
-3.880878228652251405e-01
9.106314115608582505e-02
-2.281680585191005473e-01
-6.156533772317929198e-02
1.672303915105877170e-01
1.000000000000000000e+00
4.508328289692626889e-01
-2.477864686155203666e-01
1.000000000000000000e+00
-3.211094524157331875e-01
7.555642410070009807e-02
4.184134728447730378e-01
-2.157710713245433176e-01
3.346539394273682078e-01
-1.000000000000000000e+00
-5.156926287629125527e-01
1.000000000000000000e+00
8.318471463237748775e-01
6.269660930389231446e-02
-2.052356547919522711e-01
9.101599046262434101e-01
8.282434735752901567e-01
4.446601178808020638e-01
-9.052285922902388871e-01
-8.792734708856664305e-02
-5.514104778558586162e-01
-3.497147217863321167e-01
-5.459916576147125777e-01
-1.000000000000000000e+00
-6.506011967456107326e-02
8.452361884069850007e-01
2.801943769067711809e-01
1.000000000000000000e+00
2.550344627430349842e-01
-4.806697305409071141e-01
-1.148090538998501886e-01
9.385898819481188760e-01
-1.000000000000000000e+00
-3.527339382226775122e-01
1.000000000000000000e+00
8.966599410023858852e-01
-6.023107029932714962e-01
7.407793206302908384e-01
-4.610953951022694897e-01
5.473081435856035348e-01
6.850315936753277324e-01
-7.959247462382038618e-01
-9.699938516682848899e-02
8.889840290858572747e-01
-1.400059754264717515e-01
3.484902760115471398e-01
2.780765113260308397e-03
-8.181425491105498438e-02
-1.066827950684146042e-01
-8.298385932741078053e-01
-6.103787575362673579e-03
-9.233408973027885658e-01
6.564561752048900800e-01
