-3.437682800941344041e-02
-1.218313291530787046e-01
1.184225274155692453e-02
-3.280326241465125747e-03
9.039350348814778613e-01
-4.260319132533794129e-01
4.772640939861325649e-01
6.611166369785388408e-01
8.395926363915033885e-01
8.049612311123297559e-01
-5.335803777955230309e-01
1.633741992138526555e-01
1.000000000000000000e+00
3.530133692775025422e-01
-6.081987915782549603e-02
-2.703961231746749849e-01
-3.239299634051086008e-01
7.455580872659335334e-01
-9.541473231494910223e-01
1.210533408589162807e-01
8.155278167990951399e-01
3.561060639447410914e-02
-3.992600240655570509e-01
5.050711901311399910e-01
-4.392943952967804933e-01
-3.433214736276182233e-01
-8.749112771652605147e-01
-2.486593527375831059e-01
-3.672213059678295366e-01
-1.000000000000000000e+00
2.249521008532646693e-01
-2.659754114306609463e-01
-3.256373533510092955e-01
9.929508434834284358e-01
3.668072636141930243e-01
-3.783802636483493131e-01
-3.935683533539116041e-01
-6.674451154143032916e-01
9.557284095570428573e-01
-5.187984254513036686e-02
6.003738746621045674e-01
8.443179813791126254e-01
-3.482021576138378816e-01
-6.150585167960140875e-01
5.405941497122872530e-01
-5.761503377014176586e-01
8.043883374540303777e-01
-6.583821440356463217e-01
6.741113723368283850e-01
2.735880260272383069e-03
5.038193185526564921e-01
8.484540578159120994e-01
6.673435162944436616e-01
-1.421032127758859454e-01
-3.103551513013311225e-01
-4.484092730364337420e-01
6.826852837990966538e-01
3.266429709077423027e-02
-1.079298947360436411e-01
-4.056891627987611049e-01
-1.000000000000000000e+00
-4.011076811702151135e-01
-7.474190783824825601e-01
-1.000000000000000000e+00
3.155010344144768553e-01
-1.000000000000000000e+00
-5.956650773131180188e-01
4.886998593792915013e-01
8.129242259450133457e-01
4.954570617502929153e-03
9.990684658949404717e-01
-1.775239224332889609e-01
1.000000000000000000e+00
2.200288152306689449e-01
2.051398764565284250e-01
-1.000000000000000000e+00
4.033876584240501662e-01
8.030066632873895660e-01
-6.967288980448924640e-01
8.088203543556140573e-01
-2.630111015363426619e-01
1.221466675772546751e-01
-1.000000000000000000e+00
2.628781347555451120e-01
-3.378818058306831684e-01
-3.015459309211510064e-01
-9.266737704902325845e-01
3.948931420387515878e-01
-4.504594905242569336e-01
7.743418129894219515e-01
-4.102340136005243609e-01
-4.105556766999637341e-01
7.402705757321246249e-01
7.816983883376786846e-01
-4.008741519175149648e-01
8.116566453758844446e-02
2.140341282072973084e-01
-1.000000000000000000e+00
-7.007714588563136449e-01
-3.250147793951553288e-01
-8.862899135064821188e-01
2.191878092573522618e-01
-7.438324791549204562e-01
-1.387634515913396260e-01
-8.647190183302644328e-02
6.957280009276134436e-02
1.000000000000000000e+00
6.216405623282716952e-01
1.000000000000000000e+00
3.742055681320548555e-01
-3.013895068532852495e-01
8.211046832870094736e-01
1.000000000000000000e+00
-1.000000000000000000e+00
9.691920190117384593e-01
-4.216280515132690976e-01
-8.087589503815855174e-01
8.401072393149946471e-01
9.882143466730364256e-02
1.791746585607654207e-01
1.000000000000000000e+00
9.788483028652137374e-01
-2.361028201573822094e-01
-1.000000000000000000e+00
-9.456891191801911623e-01
9.091938450867822485e-01
3.988245871374220819e-01
-4.023069459990120111e-01
-1.159759502546741095e-01
1.648481921917530624e-01
-7.308260475540113710e-01
3.944372916728213774e-01
5.296610319297803127e-01
2.053888903094640006e-01
7.474086908860289036e-01
-4.906600625012886852e-01
1.000000000000000000e+00
5.405946716154046428e-01
9.987879737147664638e-01
6.126377003935676857e-01
-4.411767100278032316e-01
6.636927716753082684e-01
9.750811183679730654e-01
2.649585389540061175e-01
1.262120442019608602e-01
5.232351958422507554e-01
4.069107834173403826e-01
-4.883264257274628761e-01
1.016569847839834395e-01
5.168841998088598011e-01
-9.016692551741183337e-01
6.745796104086663192e-01
-6.920253296111524843e-01
-4.228219938314218274e-01
5.984363168128046251e-01
-2.774081475137561981e-01
-6.728842001264725980e-02
-7.087565832691899992e-02
-4.148434860268126467e-01
-5.518728450876004832e-01
4.655874409926139545e-01
6.990842477743330896e-02
2.435079135501383440e-02
1.217628460371931176e-01
-6.624196340560293272e-01
-8.354053609679386039e-01
-1.741869353914519691e-01
-9.132160968890277175e-01
2.740771140084321544e-01
7.572148257215756129e-01
-1.000000000000000000e+00
5.459944890843612120e-01
8.196839605854906452e-01
-6.494636797014268215e-01
1.000000000000000000e+00
6.412514884293203377e-01
-1.808083144961245559e-01
7.915693570352531072e-01
1.000000000000000000e+00
4.993449903780211585e-02
8.365763051468726452e-01
3.250243993212900140e-01
6.601458901576191529e-01
2.530005148189098940e-01
-9.673020615061367344e-02
-1.000000000000000000e+00
-9.747115259711500723e-01
-4.828948973512490195e-01
7.698092253162740484e-01
4.145662084849046636e-01
-2.593175497252852013e-01
-1.703131930152182449e-01
-1.000000000000000000e+00
2.198133204715235212e-01
4.001055203317882558e-02
6.340447697772919611e-01
-5.628839766633755293e-01
5.362383786738145197e-01
8.176985702018904068e-01
-8.852935968816106893e-01
-1.000000000000000000e+00
-2.536229318945038003e-03
-3.558518434515347550e-01
3.828219085559954049e-01
-8.204224662650339006e-02
-1.253133518887430409e-01
-6.518525624914663918e-01
3.139838297717998383e-01
1.000000000000000000e+00
1.482342567035985770e-01
7.600523428598084941e-01
-9.185099879325424599e-01
4.817885709984084386e-01
-2.062647784778854909e-01
-5.678177986874768379e-01
-5.805585578263096069e-01
1.627297925075749108e-01
5.993001250009366565e-02
-5.146542553793993502e-01
-1.000000000000000000e+00
2.981249695196035443e-01
6.986613644295425196e-01
-2.668925806720294780e-01
9.341574400543466439e-01
-1.060027479748098661e-01
-4.095392874038237263e-01
1.411605759223100165e-01
-1.993490677686622359e-01
-1.241066050600267978e-01
-1.000000000000000000e+00
-5.360564034816324153e-01
-4.766654955013267525e-01
1.000000000000000000e+00
2.691024148136222927e-01
1.286967712718156687e-01
-1.385930563570158536e-01
5.688202318437496352e-02
3.510893276522437656e-01
4.576131889965546762e-01
8.522619134058224688e-01
1.430638095319491931e-01
-8.438538097064678389e-01
4.796600466019652620e-01
4.829747437430476076e-03
9.881834956762065580e-01
-8.605383373166818339e-01
-4.104556881441689953e-01
-2.101371721721214669e-01
-5.442389708471901955e-01
-9.156769726120439490e-01
8.561082558377286489e-03
-5.017011775385785688e-01
8.848514858450131637e-01
8.192622318972120343e-01
9.145021790190228650e-01
-9.708291947520673038e-01
-4.723705057792559892e-01
-4.472324552336115477e-01
2.511044903057340072e-01
-1.846030226982333655e-01
-2.168858920159473236e-01
9.814473380808775849e-01
3.649739514105665439e-01
5.866419228981705203e-01
4.732524296879285775e-01
