-7.777897639829094434e-01
1.000000000000000000e+00
9.590487264658168476e-01
8.197881955838852708e-01
7.402010992175434012e-02
7.459760480135343430e-01
-6.823792782744348973e-01
2.392252994014760770e-01
1.615336756210279390e-01
1.075798322678680474e-01
-4.035257205555611293e-01
4.588094724426931004e-01
4.565188361517141802e-01
2.765493532839978785e-01
-8.339502970676255789e-01
8.842911423252701741e-01
-4.713066171594928466e-01
6.791972095414606780e-01
-8.041834579578165387e-01
4.615828440848448455e-01
8.443296363723697961e-01
-6.142903485680213382e-01
-3.065226755191940988e-01
-1.859558642950123741e-01
4.949972903218815556e-01
1.000000000000000000e+00
4.199557215532616627e-01
-6.979966837923348155e-01
2.794103740485384124e-01
-7.908673111638578335e-03
-4.941976037565252167e-01
7.901075102992578536e-01
-1.737371876437296958e-01
-4.439755904760901428e-01
3.099953691792500798e-01
4.266584196539390250e-01
-6.107723334618075928e-01
1.825035930201708290e-01
-8.775659547971472740e-01
-2.340740589848698816e-01
2.858884042703663253e-01
-7.604230107243090675e-01
9.939664604005895576e-01
8.426978797167763435e-01
1.935824066336591653e-01
-5.383810916767945987e-01
-6.730155985935613039e-01
4.780963646046761939e-01
-3.318629931310024261e-01
-6.584767838354024239e-01
1.000000000000000000e+00
4.779946130976253649e-02
7.543956982578667869e-01
-9.555486149790793915e-01
2.487335507775205734e-01
5.279432776536578942e-01
8.113346838223483015e-01
4.046075815115384167e-01
-1.000000000000000000e+00
5.988228307553900009e-01
6.122666051687155608e-01
-2.299190979201091167e-01
8.750501876579066529e-01
-5.347502455985304604e-01
-3.077720128846683778e-01
-3.551886848725052115e-01
6.028535050616548041e-01
-1.000000000000000000e+00
-8.034194936364462691e-01
5.123575694714349593e-01
-9.749877832136711886e-01
-1.559686345578390476e-01
3.262744344998180779e-02
-8.241373564906762095e-02
6.011834262557711472e-01
-4.128454769023330861e-01
5.838064395309732202e-01
-3.705956565878879561e-01
-1.167314464053854639e-01
1.000000000000000000e+00
2.321746463973195507e-01
4.559800392713875272e-01
6.900715472581395726e-01
-1.000000000000000000e+00
-2.745979008669791055e-02
4.471769551357319683e-01
1.768959305489783418e-01
-1.000000000000000000e+00
-5.701158625065594343e-01
1.019948632969391866e-01
-1.000000000000000000e+00
1.674503824340789482e-02
-1.459217742217451264e-01
-7.328520259361304134e-01
5.877862857675621999e-01
1.000000000000000000e+00
6.127208955660508050e-01
-6.195966471138681930e-01
1.000000000000000000e+00
1.000000000000000000e+00
-6.588721601173962439e-01
7.574323094718281579e-01
5.456678926745954783e-01
1.000000000000000000e+00
-9.568807511126369292e-01
-1.077082396956301480e-01
-1.000000000000000000e+00
4.584430897753253298e-01
7.021851470219486746e-01
1.000000000000000000e+00
-9.200865840837824106e-02
5.541970166030933953e-01
-8.748529447632993339e-01
-8.348136877909593245e-01
4.435071781811489311e-01
-4.462640658781970582e-01
-8.400389623232558112e-01
5.353641833485442980e-01
-2.171303181619504974e-01
1.000000000000000000e+00
-2.446909591610233470e-01
8.540658199193260636e-01
-1.794636136941418769e-04
-3.604282179425519761e-01
3.825148575074235335e-01
-4.651551608661348425e-01
-3.121252021044614855e-01
-9.035475246957801465e-01
-1.000000000000000000e+00
3.012601631582036976e-01
4.051694807529047093e-01
-5.482067006982649371e-02
1.000000000000000000e+00
-2.451146317905689154e-02
-1.654344542534550988e-01
-3.368784637033094276e-01
-4.405754841367262031e-01
6.757722408920223689e-01
-1.000000000000000000e+00
3.958360250841314043e-01
7.352530650634614418e-01
6.789805832186681656e-01
1.000000000000000000e+00
-5.705012333361754173e-01
-1.335116793080069197e-01
1.000000000000000000e+00
-2.089204949265153211e-01
3.522666660832445285e-01
9.856604715771482006e-01
-9.887098985222275704e-01
7.939083324153286547e-01
-3.673191954586196850e-02
-1.000000000000000000e+00
-4.665693508198436312e-01
-3.716843796475748363e-01
8.597685333276250397e-02
-6.237226445924335394e-01
-1.000000000000000000e+00
1.000000000000000000e+00
-1.089058810002732081e-01
1.063907701259148020e-02
7.260616867923475048e-01
-5.388470381144120358e-01
5.772460210419845250e-01
9.512691726886630672e-01
-8.686307976245286611e-01
6.753308164863913721e-01
4.360314340384707776e-02
7.645194814902680491e-01
7.920077590157404979e-01
-5.236259393395144013e-01
6.285727188688537970e-01
-8.518220833506271461e-01
-8.404407149407966404e-01
8.802301488805408525e-02
-1.253100584032744713e-01
8.866025921801268250e-02
-1.000000000000000000e+00
9.576123425163878267e-01
-8.680129957242948002e-01
7.080917150124748094e-01
-6.012665983441853879e-01
-9.608138799045393696e-01
-9.965388633976188792e-01
1.000000000000000000e+00
1.000000000000000000e+00
-6.014082471639881078e-01
-9.318106278480198235e-01
2.414742527539477379e-01
-4.750648761665725583e-01
-9.529839709590599561e-01
-9.089131535971883835e-02
-3.230427111304541299e-01
-7.669610399166406633e-01
4.537623383749455619e-01
9.381281799408065503e-01
-4.282798854838318903e-01
-8.067210420356674128e-02
-6.545603659798644447e-01
1.000000000000000000e+00
-4.551230801304509410e-01
1.000000000000000000e+00
-9.723462982293629153e-02
7.622468604855374696e-01
9.109639303985808123e-01
9.184647100440712642e-02
1.189749688915735515e-01
-9.640736585830466110e-01
-6.503453047476597249e-01
4.751763846138460368e-01
-1.000000000000000000e+00
4.124431489201676460e-01
5.001773664789321838e-01
9.637880429940717253e-01
7.734309855609167172e-01
-1.000000000000000000e+00
-4.571147443488936535e-01
-4.693006284477846402e-01
-4.162611601747512324e-02
9.217069848763692619e-02
3.626116322857797503e-01
5.239640038846138381e-01
4.581304010177973396e-01
-5.762231040279950367e-01
-2.730509876043246686e-01
-2.573518171056827786e-01
-2.743881415479130226e-01
-6.718899558207964695e-01
1.313760703231303117e-01
1.000000000000000000e+00
-6.241170774068911520e-01
-6.161155087716962964e-01
9.840432421207745417e-01
9.813560796753175719e-01
-5.123646244262030081e-01
-6.964717613795845530e-02
-4.173026170533000734e-01
5.090492669371404766e-02
-1.682734608856540359e-01
2.698349441473738564e-01
-6.128035313952167051e-01
-1.000000000000000000e+00
-8.465971013100054288e-02
8.540463097291062233e-01
2.658270634424488299e-01
-9.029169436539379312e-01
-2.313707769358704369e-01
8.275719255233643379e-02
5.279231424842993903e-01
-3.563671826550571797e-01
-9.680789500347422027e-01
-6.155173198774818166e-01
-5.309516494958713695e-01
-3.627877106726906664e-02
-3.294453796369123388e-02
-3.908963472097060077e-02
-4.793586771380594636e-01
3.700702663806711978e-01
-8.330799243627795558e-01
-9.939825598032836496e-02
-8.541981787077435051e-01
1.000000000000000000e+00
5.674692119061299778e-01
1.000000000000000000e+00
-7.993783502155987764e-01
