2.251384866983521249e-01
-3.222438535155926487e-01
-9.630664527827337285e-01
1.951773794065711498e-01
1.628443503599008579e-02
-6.749491470794235504e-01
3.195079747278684046e-02
-6.375740912766453272e-02
9.577041011910334412e-01
-1.339464321731558272e-01
-1.000000000000000000e+00
6.288529511546998574e-01
-7.364304538620665141e-01
1.345439529469092121e-01
5.182577612853691562e-01
-6.564372349742897406e-02
-2.440451399421532663e-01
-6.177229058605963052e-01
9.236425247977110287e-01
1.500171645582952795e-01
6.735257758591685073e-01
3.201725473493912677e-01
3.753425970973365278e-01
-6.692134549301165247e-02
-6.112255166943432183e-01
-6.638101623786507588e-01
-8.667918757093228121e-01
1.000000000000000000e+00
-1.000000000000000000e+00
1.000000000000000000e+00
1.385479096946741762e-01
-3.392921431477753380e-01
-2.400905699857689701e-01
5.406994922442620588e-01
-8.123476300638518000e-01
-5.272281406464328635e-01
-4.493435273146799136e-01
-5.761628703607832858e-01
-9.365049049657181435e-01
-3.205137848422265900e-01
-3.437393156195500121e-01
7.499484604327855131e-01
3.521317767274005361e-01
-1.000000000000000000e+00
4.010756674697490975e-01
-1.000000000000000000e+00
1.000000000000000000e+00
-5.637527384126617136e-01
3.363844605632274054e-02
-1.000000000000000000e+00
-9.917236957464009572e-01
-1.000000000000000000e+00
-4.362756025480826194e-01
-3.069646431994570990e-01
3.431817424125569449e-01
-1.295682186235244671e-01
9.326274722667919903e-01
-2.974344427092541210e-01
-1.000000000000000000e+00
-1.970104064651613807e-01
-1.000000000000000000e+00
-1.000000000000000000e+00
-5.447393017277946115e-01
-9.752533478370106756e-01
4.200173874313753997e-01
8.927552869209540720e-01
9.352814317635985142e-02
4.169203104266121507e-01
4.595888253736901685e-01
1.000000000000000000e+00
6.152738093238618866e-02
8.304362005979745165e-01
4.224226612840864536e-02
3.292877673582237374e-01
3.803874613823721162e-02
-7.401062448300752550e-01
-7.007827649321622943e-01
-3.294016641828149128e-01
1.000000000000000000e+00
4.304642937672797931e-01
9.914456437448422310e-01
1.000000000000000000e+00
1.000000000000000000e+00
7.324194191366959483e-01
-9.296100053922533579e-01
1.000000000000000000e+00
-4.679760825294317916e-01
8.114543397993114748e-01
-9.821587347398617052e-01
2.861333050248409116e-01
3.141744691546966006e-01
-1.668388602147481414e-01
5.580318356328016760e-01
9.891293554097142504e-01
6.743187355487676449e-01
-6.117066035691618442e-01
3.282016049442216810e-01
-4.490406213401965108e-01
-5.687870132919479182e-01
1.000000000000000000e+00
-1.000000000000000000e+00
-8.715817060738260125e-01
2.377924992329309428e-01
-1.000000000000000000e+00
-7.490500374499319269e-01
-3.827176107644683634e-01
-1.131113832883869907e-01
6.085972236656689294e-01
5.585557748136495970e-01
-4.319496789596884989e-01
4.110513445979362412e-01
3.326032391936082355e-01
8.637047617294890678e-01
7.333075646491293842e-01
-6.373866834482082577e-01
7.369677422885121398e-01
-6.535890996194811953e-01
-6.362236461297943180e-01
-4.735268862734186568e-01
-3.808492917983727910e-01
-7.331447209364297946e-01
1.286840561505742109e-02
1.000000000000000000e+00
1.246701703647487280e-01
7.628754309922075594e-01
3.861662826304221863e-01
1.217806198693620889e-01
-1.000000000000000000e+00
5.236909540497661775e-01
1.000000000000000000e+00
8.592785349852882781e-02
2.471231902293562488e-01
4.076906864422103483e-01
-8.877557983219175330e-01
-5.913322871975715822e-01
-6.588135094237985712e-01
-4.451969756847536930e-01
-2.890673424584323525e-01
-1.000000000000000000e+00
-1.000000000000000000e+00
2.675850217432688138e-01
-1.000000000000000000e+00
3.619185872818879712e-01
-6.188143415789537638e-01
-3.547711714388153692e-01
9.556334796789685004e-01
2.059460828516468944e-01
1.427505802553679093e-01
3.015012478019008513e-01
7.402757277287022042e-01
9.128860124061880521e-01
-2.754030926132322032e-01
-7.160005266937733426e-01
-1.000000000000000000e+00
-1.377073444693092397e-01
2.785802328038037845e-01
4.972068868153156629e-05
4.857082776943132396e-01
-8.008680384432085297e-01
6.798729603119422205e-01
-8.505238186480688078e-01
9.677209293734381212e-01
8.242660725772261721e-01
-4.626574682691279583e-01
-6.532175113196776461e-01
7.150726166929133321e-01
-1.000000000000000000e+00
-9.272925926097377314e-01
-1.000000000000000000e+00
6.935283138449479523e-01
1.000000000000000000e+00
-8.053501593969181194e-01
-7.963613821015577132e-01
1.000000000000000000e+00
4.319802729010088216e-01
-1.334669981297864627e-01
-3.864141312846508525e-01
-1.000000000000000000e+00
5.546536112188431566e-01
-4.720569883770189823e-02
-5.300121234344561394e-01
-2.024100754723758833e-01
7.906687379099490709e-01
1.000000000000000000e+00
-9.205061567688488378e-01
2.695087924588016604e-01
1.000000000000000000e+00
-5.924750181149220918e-01
-7.690302217162269249e-01
-1.000000000000000000e+00
-6.056732814054344161e-01
7.624543934687847413e-01
-8.533907807878071683e-01
3.044701850835558332e-01
-1.612379838156138834e-02
1.000000000000000000e+00
-6.297002802649913633e-01
1.000000000000000000e+00
1.933254916398263745e-01
3.602999653121417012e-01
1.000000000000000000e+00
4.212009970263076442e-01
-8.667795394659953967e-01
-3.946573582642894373e-01
-6.340394199780829965e-03
8.348311298684645276e-01
-6.345385700011804131e-01
5.713373277487874269e-01
-7.839868504537192972e-01
4.934242100454567792e-01
-1.000000000000000000e+00
-3.945632278067662257e-01
-7.990068887038901391e-01
-2.887190167820234965e-01
2.284175380673968137e-01
1.299348363506151460e-01
-1.477572851940129883e-01
1.000000000000000000e+00
8.381604289512432082e-01
5.985628530214925913e-01
-2.783831061044073074e-02
-1.808194189650220718e-01
-9.691385413528844639e-01
-2.393120670814412598e-01
4.823129278595023606e-01
4.289742746561350240e-01
3.202375190061123034e-01
5.878635321159351168e-01
-5.857334289290700990e-01
1.000000000000000000e+00
6.051946634949625925e-02
7.299766972749988092e-02
3.424570905990935721e-01
-8.955647911065358624e-01
-6.153950066455404766e-02
1.000000000000000000e+00
7.901279292610994265e-01
3.877234339145370079e-01
1.000000000000000000e+00
1.000000000000000000e+00
-6.169757550807332125e-01
-6.057307782895436921e-01
8.796439886326212765e-02
3.808687332143996240e-01
6.609925739660937882e-01
7.489725761503804868e-01
5.829814324937271364e-02
9.779507201315282838e-01
6.845839324193041531e-01
-3.435178886623391770e-01
-9.390007695533871823e-01
-1.000000000000000000e+00
7.211028293254336807e-01
3.911089940947934385e-01
2.340299441169773065e-01
1.000000000000000000e+00
1.000000000000000000e+00
1.000000000000000000e+00
2.066437826047842208e-01
1.327016153572546653e-01
-2.755648053001787945e-01
9.103585367344436685e-01
5.411264810396593239e-01
7.106495950447713206e-01
5.046521836931641136e-01
