9.292450854016822692e-01
-3.495172701268290938e-01
1.000000000000000000e+00
2.333196179398492887e-01
-2.714652991403866678e-02
-4.923067750987289992e-01
1.000000000000000000e+00
-1.000000000000000000e+00
-2.362616269798454849e-01
6.968961487652920450e-01
1.000000000000000000e+00
3.786026677526279638e-01
-7.513980592048525864e-01
6.645061796959437217e-01
8.958403178566878289e-01
-2.040577540880609275e-01
-5.565105808091965756e-01
3.329938973460367935e-01
-8.908992272951790081e-01
-7.930059897103846067e-01
-8.693401937751552566e-01
1.000000000000000000e+00
4.722892963898801533e-01
-6.286711546326094746e-01
3.523490156196797396e-01
-1.000000000000000000e+00
1.000000000000000000e+00
6.274980331472732598e-01
-3.222781309958033247e-01
9.144978630020103028e-01
-1.000000000000000000e+00
-5.510405181879682868e-01
-3.151099994919594471e-01
3.958408732742451086e-01
-1.000000000000000000e+00
-1.000000000000000000e+00
-2.838920375081965819e-01
-1.000000000000000000e+00
-3.673025733637735879e-01
6.924796264444554872e-01
-9.503108482785745936e-01
-1.583299252880449037e-01
3.944502136293562833e-01
6.584418620073289041e-01
6.395452283082028178e-01
6.784207305353168183e-01
1.437463111083360778e-01
-5.520548624423735617e-01
1.000000000000000000e+00
-9.851262911877833872e-01
-1.606693656061135567e-01
-1.000000000000000000e+00
6.386415755317786935e-01
-1.000000000000000000e+00
-4.775137080949984902e-01
4.462464664110088464e-01
-8.229398808288642675e-01
2.496190485108372159e-01
-1.000000000000000000e+00
8.191535747399214529e-01
-4.884969733763622202e-01
1.000000000000000000e+00
-5.987335335235364209e-01
1.476293793251377551e-01
6.949477594204350739e-02
-1.000000000000000000e+00
7.383732851513554740e-01
-1.000000000000000000e+00
1.000000000000000000e+00
7.131935212273823321e-01
7.384357949399533716e-02
1.000000000000000000e+00
1.546121677500253977e-01
5.498333647158968329e-01
4.776575664490156914e-01
2.195146871529990440e-01
-1.234383990447110446e-01
9.075968413178134853e-01
-3.471943165648415097e-01
1.000000000000000000e+00
-1.000000000000000000e+00
-8.389148517239575220e-01
6.173343749195647767e-02
1.000000000000000000e+00
1.168194533891452891e-01
-7.183652450461908145e-01
-7.953974772565640672e-01
-7.953339852595840975e-01
1.000000000000000000e+00
6.540207847894985438e-01
-3.025113740799335593e-01
-7.057879710076149227e-01
-5.707962471743965871e-02
1.007707349706474798e-01
9.746932417905198598e-01
-9.180610079849760297e-02
6.946889426467877104e-01
-4.174561354365011745e-01
6.238814987305687509e-01
1.694696677148989084e-01
4.899773827842748286e-01
-6.949880934112684372e-02
-9.236249436353927145e-03
-3.054459814566489184e-01
-7.721995036681086333e-01
1.170679834980468126e-01
-6.777238896379644828e-02
-2.206598182962993260e-01
-2.195008271608125394e-01
-1.000000000000000000e+00
-2.101439648693456952e-01
-4.817838555797202549e-01
-2.110797147087002390e-01
-5.685542964685168510e-01
-1.000000000000000000e+00
1.000000000000000000e+00
-7.407997338001628407e-01
-7.275983890434419843e-01
1.966157256013449373e-01
-8.288499113133618312e-01
6.338787187417829205e-01
-9.773259681282037148e-02
-3.480236816268966193e-01
-2.933122263277579966e-01
-2.959105739598988372e-01
9.938152648237321696e-01
-1.000000000000000000e+00
-1.000000000000000000e+00
4.948225834019963632e-01
3.950378600811110807e-02
1.814468250025490226e-01
4.728532419380537810e-01
-4.005646406963694339e-01
-8.769165952331785530e-01
2.977544845723645306e-01
7.123171675257189417e-01
-4.564904903944370096e-01
-5.959756447559203529e-01
-7.609813889172704071e-01
2.320810117416543528e-01
3.723923709267157323e-01
6.720122520374027797e-02
1.000000000000000000e+00
1.774057809653850626e-01
-1.337269209916096546e-01
-4.212621546326655309e-01
-3.314659650965632309e-01
-3.312439537893601127e-01
-1.000000000000000000e+00
-5.863816968336530433e-01
1.717518886369708286e-01
6.218044654909740121e-01
5.300790067605543054e-01
-1.519331047700743509e-01
2.139325029504609565e-01
7.256424897994941947e-01
-5.267873829416472864e-01
-5.959004643982499516e-01
9.645409066689770716e-01
6.025431894986831294e-01
4.333327590333996837e-01
-7.681144720433545625e-02
-3.330289013374426177e-01
-5.174452113660277242e-02
-5.941997574795246928e-01
-2.512456360146076983e-01
4.831780740389888251e-01
3.643364708859220258e-01
6.121760739737145407e-01
-1.851200022396083389e-01
1.651097480736614109e-01
3.849804757545995937e-01
8.989025672650208243e-01
7.439019673721913861e-01
3.895759865672748234e-01
4.240402064702048501e-01
-6.948543999966592111e-01
-6.850362097591756738e-01
-4.211045670725666046e-02
2.364513827684748826e-01
6.954692513350366756e-01
1.467529516848092852e-01
-2.398399443486631810e-02
1.000000000000000000e+00
7.631677879236494766e-01
-1.000000000000000000e+00
-3.429496282628353709e-01
-4.782143209780456705e-02
4.283098638532688018e-01
6.751227374179848972e-01
-8.678500539005290504e-01
-5.838984090610652711e-01
2.061507048917626816e-01
3.615736738786065607e-02
-1.000000000000000000e+00
-9.294728625023065405e-01
-1.949488709467570580e-01
1.000000000000000000e+00
-4.587873757718982093e-01
9.262315064631587713e-02
1.000000000000000000e+00
1.000000000000000000e+00
1.000000000000000000e+00
7.974845465781918996e-01
-1.000000000000000000e+00
-3.302163195974844312e-01
7.178512902155094189e-01
-7.252647838844743511e-01
9.937268906594382001e-01
1.781684863327756274e-01
4.811663146414464909e-01
3.648552130161124563e-01
1.000000000000000000e+00
8.600057611190933260e-01
-4.435278156826920615e-01
-6.038536360936253011e-01
1.000000000000000000e+00
-5.905466999438363507e-02
1.000000000000000000e+00
-7.185979597233144167e-02
-1.000000000000000000e+00
6.030303731843273951e-01
2.677080756856036192e-01
6.868330710760286451e-01
-7.154121104307487045e-01
-5.661587183337191131e-01
-6.246801824401186920e-01
-2.458964009204327450e-01
1.000000000000000000e+00
4.442598861076780814e-01
-8.522443508303183535e-01
-3.213585046164135761e-02
2.236381560853815120e-01
-7.922675719374709935e-01
2.895544200820416858e-01
-2.224739713256128071e-01
-6.955669677968343567e-01
9.083024002911488370e-01
7.722306895958206407e-01
5.551375963628757404e-03
4.711401995568556544e-02
3.744067707816470802e-01
5.535750986650747052e-01
9.431313472025670830e-01
-5.803457949176158426e-01
-8.673904080266602312e-01
-6.563336946421471918e-01
-6.304227121617356211e-02
-9.217505594685693193e-02
-2.639030499456174184e-02
1.000000000000000000e+00
-6.081976758590876830e-01
9.660054109882225681e-01
-2.814498748093641756e-01
5.967424207585980689e-01
-1.000000000000000000e+00
-6.791232552198351868e-01
1.000000000000000000e+00
-2.315324953855721901e-01
1.000000000000000000e+00
1.000000000000000000e+00
-7.302374477589907986e-01
6.352815822908308707e-01
9.185765066147172364e-01
-1.209950665791650892e-01
