4.058680732329156271e-02
-9.413834222859691625e-01
8.478956892234004172e-01
-1.492876796540845152e-01
6.622215984266432987e-01
-4.382878154428344608e-01
-2.396177892929698405e-01
2.830726623154051769e-01
-1.766526031605348823e-01
1.298533537355455181e-01
2.630413999564762406e-01
1.891218040080853147e-01
3.397499541983555194e-01
-4.239629983860071505e-02
-6.955834507590532567e-01
4.303070694243891214e-01
7.594128973689175943e-01
8.940710314469784148e-01
-9.074834712330286379e-01
1.455673970721007571e-01
2.894257785622056378e-01
1.243494973577539131e-01
-8.674933825401365262e-01
4.706040909017563667e-01
1.625333751806474769e-01
8.281228645630211993e-01
-6.710267712827855391e-02
-7.597121033376403876e-01
9.253790047939007835e-01
-4.206561559531125649e-01
3.596328327688620430e-01
3.970462119261044531e-01
6.181232714598949851e-01
-1.433403626220781657e-01
2.744653092359699009e-01
4.356845621389731082e-01
-9.575184833820726826e-01
-2.663712318072530838e-01
3.712791662636636403e-01
-7.381050523594461232e-01
1.875417157309855476e-02
8.947985769756621188e-01
4.018730213525971706e-01
-1.071113827930680884e-03
5.977304239292009491e-01
-2.512372820706749721e-01
-5.958347838559792109e-01
7.131363601585860579e-02
-1.419747073543560223e-01
-6.562950838984127344e-02
-9.051226077782144053e-01
9.462848181322502938e-02
2.520180544917767218e-01
-5.388973908956165015e-01
-9.839141746090813712e-01
-9.327532479150857370e-04
9.463624231727405522e-01
-7.781348251907744817e-01
1.294870095502478335e-01
-4.655276309457168082e-01
2.018181163690133673e-01
3.701654515364394271e-01
-2.795482456861992926e-01
-9.914991756829640845e-01
9.382026299838439609e-01
8.809248197443202422e-01
-3.387675871702311436e-01
-7.631586280191833271e-01
-1.955460647120643713e-02
-9.608672099882533679e-01
-4.136718684662470391e-01
9.006150514349915426e-01
2.163471042667883815e-01
5.498884424771564028e-01
-3.405510035490406651e-01
-3.165432091874742504e-01
9.184358000614363249e-01
-7.124289341600913428e-01
-6.489082795707836748e-01
6.542897617814378286e-01
-8.968369492946353105e-01
-6.129478838062141222e-03
-3.309473749014428812e-01
-5.153779775825855225e-01
1.820473578265999759e-01
4.617474279113460423e-01
4.750778616066233528e-01
-6.413357317441414907e-03
-3.605799102272746470e-01
7.308326888375771269e-01
5.815163411513697422e-01
6.833214681795418688e-01
7.151410464645273635e-01
1.420799037822673139e-01
-7.354784424038844914e-01
-7.814472640151417515e-01
-2.079486719675798234e-01
-2.445470212275175914e-01
-2.954855933498170550e-01
9.275954368381005288e-01
7.916349706862229052e-01
8.412043853552877426e-01
1.649991281108031949e-02
-2.753996626659871438e-03
-4.961129177270549029e-01
5.430150184203279551e-01
-2.047138784675814893e-01
-1.975744575623596955e-01
-2.295694596657626985e-01
3.242291667897170271e-01
9.692128677519344926e-01
8.606670390570900775e-01
-5.470237505787103327e-01
-6.370646910909492089e-01
-8.781089304104598980e-01
-4.049702407608315458e-01
6.556427776139039931e-01
-9.938831245436392514e-01
9.799682598610006679e-01
-6.027030997556759306e-01
8.546501565474309281e-01
5.502983995701016262e-02
2.530249481011994650e-01
5.043466553589672774e-01
-6.894974548568955086e-02
9.086168567557568743e-01
-4.355371705052424325e-02
1.378635422659229004e-01
8.534507311689949471e-01
9.939509587702024529e-01
8.693937324993215032e-01
8.273818818600100489e-01
8.416145584826366655e-01
8.462484767806714991e-01
-1.227207923155475555e-01
5.931658024064461188e-01
6.734925473077597591e-01
-7.873068097353685957e-01
7.280440323595107621e-01
9.859310608896560968e-01
1.099814256484021868e-02
-6.100508511035263037e-01
-7.884742330163121427e-01
6.218600911162086575e-01
-1.290233962528168910e-01
3.559655592561248305e-01
1.947726789402159930e-01
6.798127717956714555e-02
-4.209893277511331799e-01
8.885556747074208062e-01
-1.622491310932803188e-01
7.253668724015793767e-01
4.832336127900471734e-01
2.808207938728539688e-01
4.068011252721244198e-01
-9.541590220559337254e-01
6.459308431296764130e-01
-5.270777266469162115e-02
-3.846018644783970597e-01
-1.399196991466027384e-01
-1.351229573687102725e-01
-7.174291320331305233e-01
-4.983280734301567261e-01
4.565344070847203728e-01
-7.791645318171944723e-01
6.207907314334335513e-01
-8.836536741731486622e-01
1.526033565637958667e-01
-9.043183722921330769e-01
7.834203725394934814e-01
-3.728794336992120595e-01
-7.452504063196843109e-01
5.434300643394003316e-01
9.073522185692852737e-01
-9.295652361409687536e-01
-3.399870414670902452e-01
-3.519586173432351917e-01
7.821267109758023306e-01
-8.112965827018152609e-01
-2.732516499729209514e-02
8.274738813983804064e-01
1.176384749848786715e-01
-2.716165195304165447e-01
-5.554012273452801907e-02
-4.021545054562358779e-01
-2.875563579099147393e-01
-2.107770656191618741e-01
-8.663994536060257712e-01
-7.422329598064130174e-01
3.705088890909904453e-01
-1.277680089746009440e-01
-2.070040105865982305e-01
7.181384845938592054e-01
6.162385597539121740e-02
-2.713484975614133266e-01
-1.126178255237826331e-01
-5.243615739205276238e-01
-7.130466900658394280e-01
-3.282033595954980676e-02
4.934805323247093423e-01
2.456635098005148787e-01
-7.486443018741637534e-01
5.941545667413645759e-01
2.629206287422651833e-01
1.165467120904537524e-01
6.797270549777767457e-02
-4.170667545327153558e-01
3.922849978470275278e-01
-8.683378053631007898e-01
7.348210475992256185e-02
-4.831770530653434204e-01
-5.720706454815571718e-02
9.866202385972184796e-01
6.404005969781616514e-01
1.412372277460227643e-01
-6.051447806623522219e-01
3.886225250692734168e-01
8.317080782181320853e-01
-4.309219078464940900e-01
4.398617387404586410e-01
-6.311081781646963318e-01
7.651089086244864390e-01
5.922365302332972536e-01
-3.351207946611314270e-01
2.155648993734575747e-01
2.687715942908712741e-01
-8.437794886960761076e-01
-4.292542427176069264e-01
6.554649838105779391e-01
4.132435571105970151e-01
-9.709273533911975118e-01
-4.846321315761135118e-01
9.861267981433554652e-01
-4.721915057743168997e-01
4.346180910098342842e-01
2.370731961016081524e-01
-9.250171312264854340e-01
3.960340229255405742e-01
7.558036807964931825e-01
-6.148071007897115692e-02
-7.711236751911159093e-01
6.632358466331689240e-01
1.382942156985036419e-01
3.743014606006782596e-01
2.795147682225496144e-01
9.193302215277565637e-01
-3.914770832441261117e-01
-3.018338622603324861e-01
8.489538523932094183e-01
-8.735479046616760890e-01
5.898373948206763195e-01
-2.935486577120494101e-01
-5.179611499681950892e-01
8.960314183588367065e-01
-6.114102807529619987e-02
-8.430911074477276390e-01
-1.275842093325043614e-01
2.540450908175182487e-01
9.015817894933075838e-01
-4.452656476027476717e-01
-5.142837062912704038e-01
-5.241894211946673821e-02
1.800673021150325237e-01
5.913608650727213423e-01
-5.836351112756776871e-02
