8.485968779268531215e-01
-2.522693413492106407e-01
6.674104286263695673e-01
1.711562603048270015e-01
1.000000000000000000e+00
3.293834129579529257e-01
1.000000000000000000e+00
4.036091952706620800e-01
-7.140589863736319653e-01
2.283761923197908938e-01
1.998914404686750190e-01
-9.756760604074403709e-01
4.005406062218787033e-01
-4.279545292382826993e-01
1.000000000000000000e+00
2.712818757487835963e-01
-1.493824801958555937e-01
-7.035930362181201936e-01
-3.844231675360187950e-02
-1.069582523091378856e-01
4.447416468452181082e-01
-5.022858696475369644e-01
2.651734239421085215e-01
-1.000000000000000000e+00
-3.651143955497049287e-01
-1.000000000000000000e+00
-8.857936944464173123e-01
6.178851119699741989e-01
-9.856582590705986746e-03
-5.646306795919036059e-01
1.000000000000000000e+00
-3.905818798638077682e-01
-7.307940882527490523e-01
-3.067815858942771756e-01
-4.121089554931173238e-02
-3.327003406308386424e-01
6.803900742155111203e-01
-1.941069637202104681e-01
3.226023217232856788e-01
-4.519046382063642842e-01
-8.078047385342849163e-01
-4.485388925817438421e-01
4.127719378266658801e-01
8.243405206099048144e-01
5.713937512948427111e-01
4.038527020910980814e-01
-1.000000000000000000e+00
-8.064039049193444386e-01
-5.391395378000147787e-01
6.206307746796326796e-01
1.702072531160110647e-01
3.722119652701678660e-01
-1.000000000000000000e+00
-9.109109528281135182e-01
-7.189010460829936555e-02
1.000000000000000000e+00
7.226969337446644825e-01
5.204086592249466126e-01
-4.635283948593018621e-01
5.403966442243757218e-01
-6.821632265268227080e-01
1.000000000000000000e+00
1.233707293113690540e-01
-4.253616853782927754e-01
7.469133399583380295e-02
-1.000000000000000000e+00
-7.830446872590626217e-01
-6.222613689212130872e-02
3.373958702490446049e-01
3.276805307258207067e-02
1.000000000000000000e+00
-5.994269935280394090e-01
8.219434978478373788e-01
-1.000000000000000000e+00
-1.000000000000000000e+00
-8.905414930219102132e-01
-6.506538549474177868e-02
5.430634048407521064e-01
-1.277857159014075261e-01
4.567834967327766282e-02
-3.912989590941444717e-01
-1.075215139964935673e-02
-7.336635534037558859e-01
5.368700258006808834e-02
1.000000000000000000e+00
-8.887019567539709008e-01
-4.607420263643431935e-01
1.000000000000000000e+00
-8.884790921682972353e-02
-1.000000000000000000e+00
-7.244421734886896669e-02
1.000000000000000000e+00
5.372099690618441503e-01
2.713941331093740472e-01
2.913189644213539653e-01
7.590833487163413107e-01
1.815048147091282704e-01
-2.209800703618824413e-01
-5.659565187729891367e-01
3.971009531497669554e-01
-5.870586732759456305e-01
-1.000000000000000000e+00
-8.208427513418232735e-01
-4.450647698182118028e-01
1.806323320537901456e-01
7.760996973108935659e-01
-6.891654956117609920e-02
-2.368758646039110793e-01
2.752245743461266825e-01
-8.721027058184016578e-01
7.105593049437785025e-01
8.049371030792535908e-01
-6.760822650032816128e-02
8.234731235222820800e-01
-1.542177362886559822e-01
-3.621175001654923231e-01
2.185555547332381221e-01
-5.397623744785433608e-01
-3.779819246615177541e-01
1.616312754669168017e-01
-5.234665009816179548e-01
-3.150047236827770991e-01
-6.856850574305395352e-01
-9.924108371871291634e-03
-9.526154903755825742e-01
1.799457550901317759e-02
-4.279146425590203417e-01
1.000000000000000000e+00
6.926781485581862130e-02
-7.105756700030646522e-01
-6.200461446416967171e-01
-1.000000000000000000e+00
-3.177181975632675792e-01
-5.420760913127963265e-01
-7.480221204185304451e-01
-4.504736282322945318e-01
-7.010259392495887809e-02
-1.000000000000000000e+00
-6.697464117641300785e-01
-6.325258524970964746e-01
-9.816270771974273668e-01
2.624125415943269757e-01
1.040985034120445185e-01
-9.808011878889462132e-01
2.216236515106562166e-01
4.583328387306401797e-01
-1.693554406131136947e-01
1.000000000000000000e+00
6.609436673394657458e-01
-4.531351550868714106e-01
-1.974935512291349227e-01
2.444326361037680584e-01
4.794723084246349520e-02
7.618151255581057102e-01
-1.783438162500221580e-01
-2.743266864248039560e-02
2.364444303634107292e-01
5.165723856586820206e-01
6.643543316087483497e-01
7.215069590932647881e-01
-2.619496430071309723e-01
3.940683817276579015e-01
-2.101166828004108478e-01
1.000000000000000000e+00
7.758459864694668973e-01
1.000000000000000000e+00
9.435196603215862954e-01
4.533556139384223860e-01
-6.501500945609410831e-01
9.773868100639506729e-01
-2.994507069636338503e-01
1.523238791585586061e-01
-2.288969995181531214e-01
-5.615288424635291875e-01
-3.249771805609410480e-01
-1.000000000000000000e+00
3.856232263757111145e-01
6.179449372404091090e-01
-1.000000000000000000e+00
-8.644981143145222813e-01
7.235115239570142354e-01
7.514606454694761073e-01
-6.930993872981934256e-01
-2.150759524880451745e-01
7.601665166770346094e-01
-6.383625072413664503e-01
-2.218289526256618238e-01
2.341859767431553330e-01
1.131873696827711551e-01
-1.000000000000000000e+00
-1.911027518861868613e-01
7.300522811655083544e-01
-1.000000000000000000e+00
-1.234381074451884608e-01
1.000000000000000000e+00
-6.501330217120027122e-01
1.000000000000000000e+00
-6.218552626973106179e-01
-5.845583739971955684e-01
-1.921526696182266347e-01
-4.323854699109823674e-01
-9.500738316376571291e-01
1.287038644758238259e-01
8.556824532635609604e-01
-1.000000000000000000e+00
-6.205997421337794417e-01
3.181955233112081505e-01
-1.000000000000000000e+00
9.490797148982712539e-01
-1.753490340980961015e-01
-3.176408334633339381e-01
1.418984228015043314e-01
8.125195768536355168e-01
-6.683216263859154127e-02
-5.912449413036524604e-02
-2.300507962475073498e-02
-7.269794179651873911e-01
-2.964085412371283978e-02
-5.186066852785011783e-01
-1.760305209095232026e-01
-5.767718155853163164e-01
1.219378999155884546e-01
7.268924525670712455e-01
-8.107575139545919463e-02
5.831487201583791524e-01
3.305780476689554881e-01
-3.991311957877441419e-02
6.997128286113494244e-01
5.243873517644261906e-01
1.000000000000000000e+00
4.139438581984933307e-01
-9.649445958392681710e-01
-1.000000000000000000e+00
7.510780914733221625e-01
6.465968525353055218e-02
-1.469572898122257776e-01
7.358710493602422797e-01
4.198966811135251276e-01
7.392814428381287994e-01
1.909670409626496035e-01
-2.457396411647370105e-01
-1.000000000000000000e+00
5.707006562017373774e-01
1.000000000000000000e+00
8.305188422739629983e-01
-1.419549208616153191e-01
4.154385474181399029e-01
-9.543823875855319550e-01
8.803019545448370620e-01
1.000000000000000000e+00
-8.765564980491604707e-01
-8.614460320273488181e-01
2.588218308016864144e-01
6.004448655171610305e-01
4.055160413876902625e-01
-1.000000000000000000e+00
7.815468736525805760e-01
-1.989060648290275068e-01
3.165131208423939135e-01
-1.000000000000000000e+00
1.000000000000000000e+00
-2.869427364249776957e-01
1.000000000000000000e+00
-1.096562685582827545e-01
5.788044099764519945e-01
