-1.000000000000000000e+00
-4.693630648213650836e-01
-6.628670002134118278e-02
5.495662417002122879e-01
1.826211364518703917e-02
3.513206258339395816e-01
-2.456154687764851019e-01
-4.609369141318089280e-01
-1.000000000000000000e+00
-2.826432091060445684e-01
1.000000000000000000e+00
-6.355735011378123023e-01
-5.316399152846702503e-01
-6.109140299716513400e-01
4.597459322841759288e-01
4.401107951426249665e-01
-6.343815289854350947e-01
-8.293919606945920897e-01
4.379451026711402850e-01
-2.013867829669391263e-01
9.043167951633930279e-01
-1.105428025728347752e-01
1.000000000000000000e+00
-8.663352986881878159e-02
-9.154597802973687415e-01
2.755412104635184822e-01
2.239207141756855979e-01
4.253396593985774299e-01
-4.098074691586507667e-02
-8.083467682831546597e-02
-9.196042577082585989e-01
1.099112975362028233e-01
-8.882829131196103845e-01
2.742666870084757846e-01
2.990200077222575636e-01
8.505499393389970297e-01
-5.764696551740624564e-01
-2.517283777164365244e-01
-4.647506221931786419e-01
-1.185012071084388524e-01
3.477292244510256092e-01
4.200364994295789356e-01
8.345898387782746397e-02
9.767651992643906489e-01
1.000000000000000000e+00
4.319590731183319821e-01
3.337530113533343501e-01
4.849240669769427914e-01
5.857136748109394997e-01
8.527061915067575271e-01
-7.382701512252684006e-01
-7.079955252046538083e-01
1.000000000000000000e+00
1.414253048686872627e-01
1.404177721213730745e-01
-1.933863816780407863e-01
1.903468604220384108e-01
7.778060594139302175e-02
-5.018611640308415223e-02
-8.707728330481102619e-01
-4.669980999019485712e-01
4.584760055918923882e-01
-3.356373470952491722e-01
5.365627164282131822e-01
-8.487851996168869206e-01
-4.695635752321630774e-01
-3.407742323372187077e-01
-5.694711376499366207e-01
7.519565284395675064e-01
6.948703057059293364e-01
8.575238238688766002e-01
3.015778786341756224e-01
-8.129539725640735348e-01
3.209759197318990953e-01
1.000000000000000000e+00
-9.624882065616986448e-01
-1.000000000000000000e+00
-2.700990261578399276e-01
-1.288475750865089031e-01
-1.815926956046609586e-01
-1.972855547752274674e-01
8.663697398715153319e-01
-3.425783334499232780e-01
8.084236126722808002e-01
-9.901454291395581642e-01
-3.982285322438328667e-01
7.534957646083479954e-01
7.357965274193547511e-01
5.641756354832094811e-01
4.584787892061964465e-01
-4.380284311509720641e-01
-9.088221238635070254e-01
-6.979227765753128754e-01
3.383041700542140928e-01
9.702180075441428908e-01
-6.578129165750665752e-01
9.602362917213541627e-01
-3.619358671480323308e-01
-2.616130687958226897e-01
-5.299770761530506746e-01
-8.519477419550938180e-01
9.911649887732125741e-01
-6.265992995269973331e-01
5.380349592245816659e-01
5.710012379084052903e-01
2.125100721573092433e-01
-2.417845508637943563e-01
1.000000000000000000e+00
-5.328475478002571153e-01
-6.967780992299557052e-01
-7.370359360864102705e-01
1.000000000000000000e+00
3.963523529347605656e-01
-4.026517165485501426e-01
-8.309251534814360296e-01
-7.830417876928021936e-01
1.000000000000000000e+00
1.000000000000000000e+00
-4.948459070963506790e-01
1.000000000000000000e+00
7.319579097702286763e-01
-1.841946529324288706e-01
-1.606191417383806552e-01
7.860723089022672028e-01
-1.702167918695218773e-01
-9.106434129849950709e-01
2.152430806326537938e-01
-9.781042772680718089e-01
-4.666451161746415499e-01
2.993155212062000858e-01
-4.261836178257341068e-01
-2.712631798013621642e-01
1.234903518754015828e-01
7.334096148033621976e-01
-4.998928428403568436e-01
-5.277951546204293631e-01
6.499794551354174388e-01
-4.180370936662805015e-01
2.802325716887179574e-01
-3.746546509310337836e-01
-6.233647960343223771e-01
-1.000000000000000000e+00
2.622662389356127388e-01
-3.418513253878963098e-01
-7.801717054395199691e-01
-1.175413724736325549e-01
-1.000000000000000000e+00
3.209101379101693685e-01
-8.274918058628843998e-02
-8.116281070610609216e-01
5.926520807409474401e-01
-9.768905041698598968e-01
-2.627896987817891494e-01
-4.447040278988697581e-01
-7.478413928031713009e-01
3.434313199933743954e-01
-5.259317466121243845e-01
9.583460273210856473e-01
-4.331828018461777452e-01
-4.115842017967914490e-01
4.948466435345954539e-01
-4.803773727009336136e-02
6.700506189774797505e-01
6.024977850808421742e-01
1.275949258058202140e-01
-1.382944999627295779e-01
1.000000000000000000e+00
6.491118885432527463e-01
9.139110700907122631e-01
4.235582616533635214e-01
-9.861056765921356604e-01
8.994499319815482674e-02
8.684697890977470802e-01
-8.501117011748450247e-01
-7.707664165514338528e-02
-9.602454658020045386e-01
-3.561758689544379242e-01
-9.451637833902182262e-01
1.584239147908026446e-01
3.947499404568060033e-01
-9.344682603560017231e-02
-8.462006528227479230e-01
-1.000000000000000000e+00
3.929491172454746550e-01
-1.000000000000000000e+00
-2.145015587978210680e-01
-1.209863103206147428e-01
-1.876126546763612346e-01
-1.000000000000000000e+00
5.313695842067625019e-01
6.497200255064055074e-01
2.674275482256298631e-01
-2.286035694586247002e-01
-9.406942155775563918e-01
-3.789620667907920293e-01
8.100005708762136880e-01
4.360810364631936831e-01
9.692634995367959139e-01
1.000000000000000000e+00
4.494981259687433894e-01
1.928040009796283538e-01
1.000000000000000000e+00
-2.871060660792854047e-01
8.195535974557535130e-01
-9.474647511019267387e-01
-8.029866269942351753e-01
3.143462056456556297e-01
-1.000000000000000000e+00
-9.518151792821365476e-01
9.634728576244464548e-01
-9.022525496751960805e-01
-2.214826913044590229e-02
9.834065298919389964e-01
1.000000000000000000e+00
6.187432430392609817e-01
-9.506929336995366686e-01
-3.967298702476089733e-01
5.895302607189677468e-01
7.112247670704512359e-01
6.216926319762192676e-01
2.569903802617390376e-02
-1.499957490501508950e-01
-3.926258672762308888e-01
-5.165841118248889474e-01
7.226701375242933212e-01
-2.693208307369590604e-01
-8.685370392107615301e-01
-1.208425985054947249e-01
2.752210290527365988e-01
1.229209272067028902e-01
8.159820116355294140e-01
6.064411795275939654e-02
9.742976878388771578e-01
-3.759716999534863935e-01
1.000000000000000000e+00
2.386300916405243444e-01
2.915120639196230323e-01
3.685053310802737236e-01
1.000000000000000000e+00
-5.842462535961212566e-01
-1.265540228860236871e-01
-7.492744082604143596e-01
9.326755128614068191e-01
5.872796429856359524e-01
1.054861196382053112e-01
-9.148169886337302881e-01
-4.791973362595846608e-01
4.537325879818803198e-01
3.960740448534340041e-01
7.098988682826681273e-01
9.476541468145353031e-01
2.373749653200150078e-01
2.255383054197852566e-01
-9.023976564507003584e-01
7.340197927485407892e-01
2.400186292934277099e-01
6.294060517061027538e-01
-9.035432040511270912e-01
-8.276836049556512975e-02
-5.122193572996073252e-01
-9.032526545088731540e-02
4.532820025589496260e-01
-3.747117846550875320e-01
4.050187738045751829e-01
7.969018748294386389e-01
