8.341389371596463764e-01
-2.012164587266554727e-01
-1.000000000000000000e+00
9.646066318459778355e-01
-2.413119465623085325e-01
3.107617363727548931e-01
3.054365274893473536e-01
-1.000000000000000000e+00
-3.331993808013761216e-01
-3.577693435539950340e-01
-2.874950936092803833e-01
7.144601404779673537e-01
1.656818236410289025e-01
-9.219711866332584993e-01
-1.202005487297794772e-01
-1.692755302724497923e-01
-5.471752518707841961e-01
6.701913007059394634e-01
-1.000000000000000000e+00
-1.866302651867197682e-01
9.977393997385142210e-01
-7.601828530673393480e-01
-9.953733036484505581e-01
-9.039716895029898946e-01
-1.565206934720051457e-01
-4.212281480023603031e-01
2.245754963644390201e-01
8.637827753592195457e-01
-1.349603798116245645e-01
-2.388452287326627843e-01
-5.559549877180425259e-01
9.370534578600708819e-01
-4.473452153615984361e-01
-1.450069375854636800e-01
4.135944487259293201e-01
3.635006942614800174e-01
-4.704261506307189644e-01
-1.156417886392118177e-01
-9.233731028716440914e-01
-1.399567630837958987e-01
8.703585422862962773e-01
1.326361851552542159e-01
4.472510666354587716e-01
-9.814116837902635559e-01
7.807228599643343259e-01
7.489739795938268330e-01
-6.544633487047579745e-01
-8.015055677338223106e-01
-9.452157551450870443e-01
-8.115860756139234855e-01
3.987031089592003585e-01
9.049568277543773576e-04
7.142580975140233601e-01
1.185785524656124967e-01
-9.033199767387170009e-01
2.832206771789191890e-01
-5.276259591380663139e-01
-3.136238347229989287e-01
-9.635398682783717916e-01
-2.470574762653778844e-01
-7.115192180022555934e-01
-3.275155578639852294e-01
4.846285832531820326e-01
4.340803265088404306e-01
-4.608724303191018556e-01
8.293654167194850491e-01
-8.363279755096475476e-02
2.369705169291114188e-02
-3.221781631923572586e-01
-6.733822875481381143e-01
-4.308445447963955566e-01
1.000000000000000000e+00
9.215783730762541204e-01
8.075206682788000911e-01
3.107480380975031764e-01
-1.072126457351704892e-01
-9.814061085776489834e-01
-1.937895044757187435e-01
9.958701659885105251e-02
4.299629220775591509e-01
9.672932379784133783e-01
-7.191084844595951875e-01
-9.294317146741977176e-01
9.912086364231977864e-01
-5.206075880456251248e-01
-7.093639335668782131e-01
3.529133946717843973e-01
-1.000000000000000000e+00
7.739680770535568577e-01
6.149032571697106153e-01
-5.871981939430719333e-01
-3.703302236302841166e-01
2.198060029388564374e-01
-7.406333210310680482e-01
-4.775217973413514727e-01
-1.748951004374230678e-01
1.000000000000000000e+00
9.011046780311848803e-01
-5.310357944025363430e-01
6.794658163162525799e-02
-8.742452467106989200e-01
8.390073165267959432e-01
9.845252836076952008e-01
5.005839565035672400e-01
3.729080422697435004e-01
2.004607127840882796e-01
-6.245832464776340798e-02
-7.499959851625057627e-01
9.037842838301801685e-02
9.291597549936585487e-01
5.913614199585630615e-01
1.366128697819528615e-01
4.345295335338068554e-01
5.982487689905402473e-01
1.080602994183396670e-02
-1.000000000000000000e+00
2.077881302233418326e-02
6.250340765462674142e-01
6.006754295942515753e-01
3.491862705520487609e-02
-1.893697851241299412e-01
-9.580964954279399537e-01
-6.412858895990369845e-02
1.353603188842902316e-01
-3.119639129095986285e-01
-5.983318192611797315e-01
-4.517137308660745809e-01
-8.305234487260146903e-01
3.927980137746367451e-02
2.330213351584222436e-01
-8.780671982922934049e-01
4.226305578648752448e-01
5.982534084487278747e-01
9.030894976912950955e-01
-1.000000000000000000e+00
1.477213324200512545e-01
-5.252264665616790396e-02
-7.580045271360702497e-01
-1.000000000000000000e+00
-7.862730157499044914e-01
5.675375257286159325e-01
-5.551829187741466054e-01
9.193901459972078083e-01
7.300900796717348928e-01
-4.129176359398147866e-01
8.831503421383056773e-01
4.022767080168871967e-01
-5.292418005258148206e-01
-7.331094117808738542e-01
-7.976992545872065854e-01
6.704397067657126286e-01
8.864607264399899655e-01
2.427504464707475051e-01
-8.020045482256021874e-01
-1.000000000000000000e+00
6.797529077805992692e-01
-8.959588048233555480e-01
-8.577170130077373944e-01
4.343799495510070052e-01
1.485588244608642139e-01
-4.105018034068230737e-02
5.822913276802470506e-01
-8.792592971895024645e-01
-7.383148641512141674e-01
-5.536122856093292910e-01
-6.205927127314936342e-02
3.143809676126642083e-01
8.018833661583414374e-01
9.967418363003803794e-01
-2.607241329746227965e-02
-4.623286183393113813e-01
-3.751332568822303148e-01
1.069765226728724983e-02
3.983390071609547167e-01
6.804867873331312822e-01
5.885987002301960036e-01
-9.337558988397809401e-02
-1.785268138828850493e-01
-6.879462877459101566e-01
9.415371927450968403e-01
-1.000000000000000000e+00
3.469259558049639924e-01
-6.518800027834112942e-01
8.491816696006908582e-01
1.970704101138085473e-01
5.432114139727658442e-01
1.746063892719837973e-01
3.210851835123054165e-01
-8.867601337718999943e-01
7.108742661858566958e-01
-5.057667247447843462e-01
5.935407951517863712e-01
8.030337553436492914e-01
6.862672554789033263e-01
-3.842822749821723782e-01
-4.260970514326252179e-01
-8.756825640724068549e-01
2.151659522011035719e-01
-1.000000000000000000e+00
7.066685896526798683e-01
7.222554893088846129e-01
-9.145426483022163211e-01
2.145183119227181689e-01
-1.563976907727389065e-01
6.217270684233870970e-01
-8.547773772114279911e-01
5.168331969079402732e-01
4.010199444034210359e-01
-6.631331362791250683e-01
-3.271306818117332149e-01
6.890294551967062198e-01
9.367309910010557239e-02
-1.781160269914061622e-02
7.127688441982349410e-01
-3.629153259497370776e-01
-7.662387082135424521e-01
-2.000834754694429396e-01
5.719520050808368783e-01
3.280647402435821203e-01
9.808627209506162181e-01
-1.637500304415238084e-01
1.000000000000000000e+00
-9.110817782590285852e-02
-7.364774504859716853e-01
-4.795109106776103136e-01
2.412561343057041396e-01
5.420038564767425404e-01
-1.000000000000000000e+00
8.972902100053892216e-01
-7.212818092700952199e-01
-1.681462663092152532e-01
-8.810030108829582929e-01
-8.937063162892761037e-02
2.872578897752700033e-01
9.486562570024756891e-01
1.323719542347938649e-01
-8.289137968816040480e-01
3.362091746442052997e-01
-6.672701604588047175e-01
6.841859576761843975e-02
-2.488880115220799549e-01
-4.295931758338378259e-01
4.237909071436775088e-01
-8.078533113874097893e-02
7.375780484995497766e-01
-9.086424309373235531e-01
-5.384734545140876794e-01
3.547827226208055684e-02
-5.587947826061387957e-01
5.533113405116516503e-01
-3.625236949124692742e-01
-9.790390695630992735e-01
-3.226174582778100763e-01
5.185537253064513852e-01
7.295927827766266471e-01
7.195727867649313048e-01
-3.175492806440827209e-02
-1.579883712530543161e-01
-7.435910015057587419e-01
8.124164259065953519e-01
-6.302203301177524697e-01
4.264322940302238685e-01
8.022935142214455695e-01
9.174718274591093792e-01
-3.381799936463480982e-02
