-2.402314570907762015e-01
6.036230291630646505e-01
-2.572830672429166632e-01
2.808501305116125057e-01
9.054391485820529883e-01
-6.640076946334031449e-01
5.556231682137101613e-01
-4.048160122160485708e-01
6.058324003074755382e-02
3.301005586347827148e-02
9.669229545786349744e-01
1.000000000000000000e+00
-8.699474560439207638e-03
-1.513350254530394512e-01
6.521539336278106003e-01
1.000000000000000000e+00
-2.954827510092300491e-02
-6.703111725275787691e-01
-9.365282081357761967e-01
2.994525365523780791e-01
1.000000000000000000e+00
1.000000000000000000e+00
6.194564799279409506e-01
-1.000000000000000000e+00
9.063723633336091545e-01
-5.737939924989905460e-01
8.572212803257958091e-01
4.232955963124854781e-01
-9.938395160032610365e-01
-1.000000000000000000e+00
1.000000000000000000e+00
-4.947749593681557423e-01
5.194717843750650266e-01
-3.984884188715944742e-01
-5.802991206233232280e-02
-9.095229503453339248e-02
2.762231395885479390e-01
5.538567236584732711e-01
6.756701791933277246e-01
4.440441515740098932e-01
-8.492190935971166699e-01
1.085100556374060110e-01
-5.739164251139714512e-01
2.658616101964669243e-01
7.401450895601087154e-01
-6.844287029730162786e-01
-1.000000000000000000e+00
8.483453068127279340e-02
4.192245186430280102e-01
-4.844824475136338959e-01
2.874310904349837159e-01
1.000000000000000000e+00
9.353407020090352963e-01
-4.152814206173274236e-01
-4.801122332200331577e-01
4.126056773298847347e-02
-5.783708023932145892e-01
-2.485273095615274652e-01
3.682546798917541997e-01
-4.573348495806844327e-01
7.675799293045060256e-01
-4.091098045469673261e-01
6.836415785326572792e-01
7.817161102882609347e-01
1.000000000000000000e+00
-1.871058812652506287e-01
-7.502572635741069362e-01
5.320956307227822091e-01
4.307295743813246425e-01
-2.548186404256329585e-01
6.880525696958711412e-02
-9.417815113314278452e-01
7.618782602522317093e-01
-4.219239818491190563e-01
7.712111250494365633e-01
-2.557819707712656321e-01
-6.142410473996171572e-01
5.826090614412624547e-01
7.781246133872292692e-01
-9.132297953409156399e-01
-8.115472016191768168e-01
-6.449768873373014078e-01
-6.355968266945526413e-01
6.075232320839695221e-01
-6.162603864196187775e-01
1.000000000000000000e+00
2.803122406825716562e-01
-6.736222486459567671e-01
5.590626036768258089e-01
-1.000000000000000000e+00
-1.614381657840351647e-01
6.572875161823112933e-01
1.548608548639585081e-03
1.000000000000000000e+00
6.484169737337740491e-01
1.167758750219098918e-01
-1.000000000000000000e+00
-1.000000000000000000e+00
1.169198046127239987e-01
4.005896102720322149e-01
4.674862823506644727e-01
4.517577676481051574e-01
6.830094113745023288e-01
7.515891258366728112e-01
-2.365669139429376067e-01
9.254048354979007573e-01
-5.877822960905554339e-01
-9.524483645098230644e-02
-6.630832035672685754e-01
1.000000000000000000e+00
-4.899856879175421009e-01
-5.165732330914739601e-01
-1.705245474020492535e-01
4.313574404795239570e-01
4.029960065236145583e-01
-9.422444486744210312e-01
-9.601603254739888849e-01
-1.000000000000000000e+00
7.812912984340143474e-01
5.641257176286992303e-01
5.842106179683734801e-01
4.845164168637967617e-01
-1.000000000000000000e+00
1.000000000000000000e+00
9.824351013036018987e-01
9.831267231987753652e-01
-8.814550921141828255e-01
-6.305465765430449121e-01
-4.994563190773875228e-01
-4.344783301974544099e-01
-4.000801347753588644e-01
-7.827062873541166255e-01
-1.000000000000000000e+00
-1.000000000000000000e+00
5.712727255467329179e-01
2.581230415564059744e-01
2.432871115503256743e-01
-1.381195075992077970e-01
4.602070202011627753e-01
1.000000000000000000e+00
-1.000000000000000000e+00
-3.287080379655478168e-01
1.000000000000000000e+00
1.000000000000000000e+00
-3.427850148940363439e-01
1.205253973764291719e-01
1.021077437903275265e-01
-1.000000000000000000e+00
5.858317284484836351e-01
1.927682099417016015e-01
-2.854633606301887339e-01
8.263684555783761265e-01
-3.202085729791526170e-02
8.756481189629823358e-01
3.480205969074532946e-01
4.933646503316588827e-01
4.476488588670533564e-01
-4.100132971507270963e-01
-7.991593267414229818e-01
-1.000000000000000000e+00
1.000000000000000000e+00
7.825757608621630723e-02
1.422975170275705414e-01
-1.000000000000000000e+00
-1.000000000000000000e+00
-1.484507623275557187e-01
-1.000000000000000000e+00
7.842859476706807165e-01
-1.000000000000000000e+00
8.372613974830440675e-01
5.607443283095644437e-01
-7.250918189354219057e-02
4.500856565401341047e-01
-1.000000000000000000e+00
-2.940651916756880091e-01
-3.544078915980543587e-01
8.985961099554383713e-01
5.239964892194834967e-01
1.793760060500271536e-01
4.357203579017371320e-01
-5.370569523473944784e-01
5.738097116230361783e-01
-5.831131364778243675e-01
4.462454434310386131e-01
-8.731343206000030666e-01
1.000000000000000000e+00
8.623914962084213709e-01
-1.000000000000000000e+00
2.774711797196743879e-01
-2.747780036661926495e-01
-2.773006066999670893e-01
-1.000000000000000000e+00
-4.179070860743222537e-01
-9.610206193441452882e-01
-2.026669054112006929e-01
-1.000000000000000000e+00
-3.480230233467452861e-01
-2.248799917199256204e-01
1.000000000000000000e+00
3.398498140891323960e-01
-4.890378441770961704e-01
-8.047692504137108349e-01
7.180379016598487096e-01
9.779878917960461715e-01
7.580122349432394380e-03
-6.538751544940077931e-01
-1.000000000000000000e+00
-6.322475187990733714e-02
-5.464611907058549711e-01
9.707071205018789062e-01
-8.091237721847949205e-01
-7.008858781642322011e-01
3.027559870202697345e-01
3.768036137173886302e-01
1.000000000000000000e+00
2.351698880291626104e-01
6.348647542467936722e-01
5.089823311324426225e-01
6.638285352875474832e-01
-4.854917990901141955e-01
-5.766700943285759662e-01
-3.739042545673146867e-01
5.241945129561486061e-01
-8.544026060189602312e-01
1.000000000000000000e+00
-1.000000000000000000e+00
-1.000000000000000000e+00
-1.000000000000000000e+00
8.950087263558471617e-01
-9.704467623225283557e-01
-9.915931392431436286e-01
6.195203460145853880e-01
-2.863612732666089844e-01
7.958242434914926111e-01
6.071928404867890094e-01
6.033121153455495156e-01
1.948715551202839791e-01
6.796475493117803968e-01
7.294310424903378554e-01
-3.167094572379146045e-01
1.000000000000000000e+00
-3.611734215850503915e-02
-5.066638264980968254e-01
-2.052645465763755506e-01
5.425881680041501065e-01
-1.000000000000000000e+00
-1.000000000000000000e+00
-3.458192882120889045e-01
9.002394231128414415e-01
1.981000849982443857e-01
3.167333274340156102e-01
2.566635893315847849e-01
1.000000000000000000e+00
-1.000000000000000000e+00
1.000000000000000000e+00
2.044686812750149407e-01
1.854426624944925939e-01
-9.603331678746676037e-01
9.067357999610369257e-01
8.901460738315298826e-01
-1.000000000000000000e+00
8.426704069485201343e-01
1.000000000000000000e+00
-4.968606272567226423e-01
-1.652869986798162216e-01
