-1.000000000000000000e+00
7.888203644368414480e-01
6.910048547703202537e-01
1.000000000000000000e+00
3.258301914293771917e-01
5.534111394874841050e-01
-2.578112499176083428e-01
-1.000000000000000000e+00
1.436947671729810194e-01
1.000000000000000000e+00
-9.128652197972275673e-01
-6.740370413891637602e-01
-7.835878686597300691e-01
1.000000000000000000e+00
-6.367079319649315838e-01
1.088422944784313562e-01
1.257082108125603948e-01
4.950587087422591015e-01
-8.904557337574963150e-01
-1.000000000000000000e+00
7.629093926536645309e-01
-1.127665925029380789e-01
1.000000000000000000e+00
9.205627743038384825e-01
5.874892728220381111e-01
2.849888616718696532e-01
-8.858061093218805304e-02
-7.313363529848587730e-01
9.857188338069781119e-01
-7.753305567094392892e-01
-6.647254605982966247e-01
-1.255845095122881672e-02
7.950705866815253042e-01
2.912945915780785766e-01
7.369204229112513715e-01
-2.348564953100999997e-01
-1.000000000000000000e+00
-8.159179157652352021e-01
-8.069941706063249454e-01
-2.391311820420636003e-01
-8.065520109094095336e-01
-7.134721077182901716e-01
8.566386921069946148e-01
-2.711089278514615675e-01
7.279881097543382529e-01
-8.942754610567638096e-02
-2.190313866394219544e-01
9.342971229257142074e-01
1.000000000000000000e+00
-3.858357117678000714e-01
-3.476719545705400094e-01
5.107583184328223780e-02
-1.672135286121023690e-01
-4.382447588772774294e-01
-1.663816961958890783e-01
-1.000000000000000000e+00
-2.308646255880797415e-01
-5.162306933216694871e-01
-1.000000000000000000e+00
-3.894747206657054317e-01
-4.373542905314201645e-01
7.244677068490745775e-01
8.049951477288566082e-01
-9.472306546525215420e-01
-7.943907638880305377e-01
1.000000000000000000e+00
1.561292368992823754e-01
-4.235714776417927041e-01
-2.633510030101624544e-01
-9.788737365952565606e-01
9.717924712383960717e-01
6.759522666150564740e-01
1.000000000000000000e+00
-6.659804796582196040e-01
-1.000000000000000000e+00
-7.807017121945135640e-01
5.393073456964292411e-01
-3.282231635954822035e-01
5.421371558706853389e-01
-6.580833396695333626e-01
5.398264107972280401e-01
5.699017801426125018e-01
8.441430981876490991e-01
-2.623736578097193295e-01
-1.000000000000000000e+00
7.014208636822873988e-01
-3.831367628290061056e-02
4.320118566973208951e-01
3.456904175489619035e-01
9.232970241607629802e-02
2.651696875253231056e-01
2.029394286481670528e-01
9.429593195184087229e-01
-1.811863578995889235e-01
8.502909959735412970e-01
6.576499015147039273e-01
-8.181649149219600847e-01
-9.627524419492488050e-01
2.638262769205662051e-01
1.982803130688481352e-01
6.629239768725473381e-01
3.669576289275097158e-01
2.610534444531006359e-01
8.725610386094564408e-01
-3.290064583401591802e-01
7.540941994178554930e-01
-8.852966577032757023e-01
4.409776199129172847e-01
1.075656663570327409e-01
-1.330341463832999949e-01
-4.560138037220387019e-01
-7.058612575110212450e-01
3.679513361793651516e-01
-9.183818401796128850e-01
-2.014863800973391572e-01
-1.000000000000000000e+00
-1.621592247277153509e-01
4.992228108141518739e-01
-3.227125222335945898e-01
9.044552292350889200e-01
-1.817647936844419831e-01
-7.903200011930646696e-01
1.000000000000000000e+00
-1.000000000000000000e+00
-3.106878765664523590e-01
6.327623736284029299e-01
4.392392226491611540e-01
-6.912379371669653549e-01
1.000000000000000000e+00
5.586135125135202051e-01
-2.878713960854784037e-02
-1.000000000000000000e+00
-7.341655583851378619e-01
5.787264192923984307e-01
7.754500448498937715e-01
-7.076925190255598519e-01
-1.000000000000000000e+00
-1.000000000000000000e+00
7.034014206844494410e-01
4.161836270457769382e-01
-8.968063749656900452e-01
-7.683158334802249190e-01
2.300938472213633901e-01
4.970235110224243136e-01
6.735628551343697534e-01
-2.888359648701437910e-01
-2.755541882555326838e-01
1.456884791913763966e-01
-1.909979892632041043e-01
6.603391820302400017e-01
6.721150572368197462e-01
2.461332739598420805e-01
6.524667791783400617e-01
1.000000000000000000e+00
-3.317613538696415620e-01
-4.372044517842099687e-01
7.231729812116697298e-01
1.000000000000000000e+00
1.517375564952598010e-01
-1.000000000000000000e+00
-9.553899014854545513e-01
5.268522959409924766e-01
7.071047428508284716e-01
-3.430415113329137733e-01
1.000000000000000000e+00
-7.712980035069710860e-01
1.000000000000000000e+00
3.553576360259154132e-01
9.691725438392884140e-01
1.833821763785633552e-01
-9.117388268559384334e-02
1.988260249849114203e-01
-6.535895919368023277e-01
3.181552149394201168e-02
6.586462871245689632e-01
-1.000000000000000000e+00
-4.920471197659645468e-01
-1.924278840940005786e-01
1.000000000000000000e+00
-1.575051812377973037e-01
-5.078607249668035672e-01
-6.214374737126231452e-01
-5.086608778574869261e-01
-8.226835695762138023e-01
-5.308075081283829544e-01
-7.323900077629664773e-01
1.000000000000000000e+00
5.689948468143586346e-01
2.055440514658613549e-01
-3.694301804328327110e-01
3.136964723325099680e-01
-2.801327820486619880e-01
1.665297691137268554e-01
9.845147588617493284e-01
-1.000000000000000000e+00
-1.000000000000000000e+00
1.376917272555888139e-01
-4.027440698652760553e-01
-4.845372259321454322e-01
-1.000000000000000000e+00
1.000000000000000000e+00
-8.798570570901442789e-03
-8.117125855715100480e-01
2.624554054436996076e-01
1.302353957428056264e-01
-7.018211936961269437e-01
-7.901336169883824700e-01
-2.120445445179743871e-01
-4.417906916083470525e-01
5.393802637481258655e-01
-8.152548988039753919e-02
-1.000000000000000000e+00
-5.856949690440452772e-01
1.000000000000000000e+00
-6.322675291315412727e-01
-2.706725540913985650e-01
6.521673503755278656e-01
3.281123567355372916e-01
-6.930833866204662019e-01
5.249805747061691008e-01
8.386917308877896993e-01
-5.785009333298294365e-01
1.000000000000000000e+00
-7.892062710214617915e-01
1.000000000000000000e+00
-1.918227970680590477e-01
4.941588717991817759e-01
2.057367928652509836e-01
8.297502646073455779e-01
6.491298548797788115e-01
3.948163177012671277e-01
1.000000000000000000e+00
7.181053069884206774e-01
2.199744273112028692e-01
1.000000000000000000e+00
-3.752210613956119545e-01
-6.836425591578421113e-01
-7.688008036536532197e-01
9.191687157320138635e-01
2.232671727095609793e-01
-1.572367614892318244e-01
-6.162314151906452819e-01
4.434585374530407575e-01
7.949191228019081290e-02
8.869138944097868515e-01
-5.982569044429540961e-01
-8.926070718712598717e-01
-1.505225379664438257e-01
-4.191289967766438918e-01
-7.959671918626476383e-01
-9.745006586782274383e-01
-5.021156046472543544e-01
2.192436193555952206e-01
-1.000000000000000000e+00
-6.440567034945253733e-01
-1.000000000000000000e+00
5.741253291697662187e-01
-3.954737873068099319e-01
5.124247847148772905e-01
9.598929838521850222e-01
-6.407736184778562993e-01
1.367164746934007580e-01
3.764210769313480198e-01
-9.245168261585963165e-01
4.597986626852722525e-01
