-8.149403725177741808e-01
-1.026261683952741643e-01
-3.819800109780873143e-01
1.000000000000000000e+00
-3.447528257381808903e-01
-4.458368058390851374e-01
7.778679904191452277e-01
7.996960028573787405e-01
3.922478094818774852e-01
3.550495342132063969e-01
7.849081918438035599e-01
2.775632084053837323e-01
5.443069565420318723e-01
-1.000000000000000000e+00
-9.308740527771597328e-02
-4.026357747192605974e-01
1.000000000000000000e+00
1.000000000000000000e+00
-1.000000000000000000e+00
9.179934322687429704e-01
-2.200928978581729312e-01
-7.920882208773374344e-01
-7.603182615403377698e-01
-6.926587274502735703e-01
2.860476139491027192e-01
-6.227035995490006748e-01
1.000000000000000000e+00
1.000000000000000000e+00
-7.055408299206153977e-01
3.566724898497102281e-01
-8.458913374633159066e-01
-3.035692823139135577e-01
3.182788404408415373e-01
5.483612610388797215e-01
-6.329089715227667057e-01
-5.786982331781013178e-01
-6.933603462916508864e-01
-7.178468801450078596e-01
2.428688745932672255e-01
2.328076337634334969e-01
7.755630228542995663e-01
8.401113813911722517e-01
3.188438108669668924e-01
-7.103668793634043688e-02
-3.694474275857523304e-01
4.771038926794339829e-01
-6.513104400965326057e-01
-8.621582831932375068e-01
-5.543157776536233872e-01
-2.033350218276721577e-01
-3.541085573598370395e-01
3.398828667027323780e-01
-3.831434887180887316e-02
-2.180038314765819774e-01
1.080569293113303742e-01
1.243638235259609814e-01
-9.150360275377583674e-02
-8.450283936888786096e-01
-3.649551207609058601e-02
3.933595485388486357e-01
-7.039071304037126664e-01
5.455042478856519939e-01
-3.376364798964193170e-03
-4.106079514905790484e-01
-1.541576756920680080e-01
5.842037051052806351e-01
-6.079885521891767453e-02
-7.120997943234312899e-01
-9.741616006038431586e-01
-9.918352140154367280e-01
-8.906403293382225694e-01
-1.000000000000000000e+00
1.717015528471640406e-01
-3.932050292101716416e-01
3.208035316109567048e-02
6.092279293900942916e-01
-9.214205576702247935e-01
-8.411143393088122977e-01
-5.066838520216936370e-01
-1.000000000000000000e+00
8.268212393991080100e-01
2.859532029549047838e-01
-4.414372838284422729e-01
6.326586487089709276e-01
-9.989266862652774748e-01
-8.091585269562689975e-01
-5.564074049589045057e-01
4.721519834920131498e-01
-1.000000000000000000e+00
-4.098847458430039392e-01
-5.891557455586325931e-01
-2.080877938848861852e-01
-9.697152278053882135e-01
9.013859999337419104e-01
5.791101995491665377e-02
-1.000000000000000000e+00
9.430853218563483020e-01
4.155923109667325477e-01
-7.625731558804720311e-01
-5.505957569092445603e-01
3.416456701045009758e-01
9.368128181520460895e-01
-2.926812295021842258e-01
-7.112663040985205409e-01
8.557484390690275333e-01
-9.296501161889543230e-01
-6.005170895239220208e-01
4.918714072016212580e-01
5.241535635111025382e-01
-1.000000000000000000e+00
-2.084625565440056949e-01
1.586507956240987283e-01
1.017311825745139675e-01
-6.539813528636155837e-01
-6.548602058777257540e-01
7.061787156416921007e-03
3.966382764073067557e-01
9.304214847939462629e-02
2.860171664471291564e-01
8.346834352088647879e-01
8.473983139340581783e-01
2.013203235066546859e-01
-4.874249946923037147e-01
6.509598685415438624e-01
-1.887150120811336151e-01
8.465843550113261173e-03
1.000000000000000000e+00
1.911192970895354837e-01
-3.138594133842989020e-01
4.550519437899211983e-01
3.332852878331704627e-01
1.045214519221149274e-02
-7.027232052981646770e-01
-5.692198581488984166e-01
-1.000000000000000000e+00
-1.000000000000000000e+00
-1.948512305355923346e-01
-4.821191021667758925e-01
1.000000000000000000e+00
2.080180909632458608e-01
6.362802124624863387e-01
-6.533988695086659915e-01
-6.720528562123173622e-01
-3.262987205820584435e-01
1.777102359717463997e-01
2.102813561924552488e-01
3.909760055842583792e-01
-1.000000000000000000e+00
7.017080024803372673e-01
-1.000000000000000000e+00
1.989091544567751502e-01
-1.484688214523038896e-02
8.404643393333752766e-01
4.521429932620247283e-01
-2.576761779552860787e-01
-3.186777117284510519e-01
-7.431112865452500493e-01
5.689826639206545522e-01
1.437115783416400838e-01
-1.000000000000000000e+00
-8.464422593834438624e-01
8.451726149428866464e-01
-5.374209518385502093e-01
-1.000000000000000000e+00
1.000000000000000000e+00
-4.063461051144759972e-01
-1.739127636793568188e-01
-9.733977946612837329e-01
-2.991332040805664838e-01
-8.720286190986565877e-01
5.863981922324301710e-01
9.856560240911582671e-03
9.283625396151232168e-02
-7.931947516015589450e-01
-1.000000000000000000e+00
6.095098337543112255e-01
-3.493989983960887891e-02
-1.000000000000000000e+00
8.643827930465393106e-01
3.653504824532327055e-01
4.853376034559837571e-01
2.266130422142781375e-02
-4.856919013429485954e-01
1.000000000000000000e+00
-5.762867728931568845e-01
-3.063681407926118760e-01
-7.414163429989901744e-01
5.537024934172858348e-01
3.057850550664547029e-01
6.345488248586133029e-01
9.444801225164178859e-02
5.106596628519957104e-01
-2.916230821767490378e-01
5.940180887002446397e-01
-5.856596856553479835e-01
-7.123347725373673223e-01
3.465665948602907331e-01
-6.822648570572134030e-01
3.969042569573715262e-01
-5.120562240082615624e-01
5.452100385492171242e-01
-3.844078285446166365e-01
-7.991437038677868809e-01
-5.049951865995265798e-01
7.746785032615997046e-01
-9.582964367893680446e-01
5.455310687688756932e-01
7.664430774438864002e-01
-1.209874011352716494e-01
3.010179143050752959e-01
-7.884225019366808418e-02
-4.872745733985612282e-01
9.202276777015068188e-01
1.000000000000000000e+00
9.282908807055191280e-01
1.000000000000000000e+00
1.000000000000000000e+00
-6.271041504386429821e-01
3.612142871807371702e-01
9.080635284341114222e-01
-4.231742583242302236e-01
5.870408442382450964e-01
-2.309694973009932539e-01
8.204280644573351822e-01
8.139170755681186531e-01
-7.053936739704881331e-01
-1.165154340622668455e-02
5.594386619610233202e-01
-1.000000000000000000e+00
-5.393382691607975232e-01
-3.160076209307832729e-01
-2.592889451840616477e-01
-5.218966139371841173e-01
-7.948970663138943404e-01
9.916783098667755203e-01
-2.329289303826528323e-01
7.107024243634154637e-01
1.030679283794389001e-01
4.017568885966296688e-01
-6.385867856945592891e-01
1.000000000000000000e+00
-5.598106226352987935e-01
8.185531926652167556e-03
4.033623288501708704e-01
7.530305138640534801e-02
-8.900190733747559424e-01
-6.587915790677303374e-01
2.254132564859614163e-01
-4.800312830244881090e-01
5.236876725312777925e-02
-1.000000000000000000e+00
-4.404814299378564946e-01
7.180154197586298137e-01
9.579000524181995324e-01
-2.863663425550829755e-01
-1.000000000000000000e+00
-1.863960979250778860e-01
9.160472683631769586e-01
5.699132108025564136e-01
-1.000000000000000000e+00
1.842854813337391207e-02
6.563251440974293693e-01
2.544442996126645706e-01
-8.706314735874645105e-01
1.137558137476236686e-01
