-1.191380098309582358e-01
2.053051271158543023e-01
8.140276942289870199e-02
3.415544790091922800e-01
-8.464432156236820770e-01
5.457605975709192148e-01
-6.774094727969319774e-01
-3.283822869600141470e-01
-1.361635268020560396e-01
8.659167465929521468e-01
-6.499052499248126891e-01
-6.091639770761625439e-01
-1.000000000000000000e+00
-1.224049528007481180e-01
-1.000000000000000000e+00
1.013042718950383225e-01
-2.788973296026842075e-01
-1.000000000000000000e+00
-2.890043466966929486e-02
5.991424151055898539e-01
4.409592431959485914e-01
6.304125407796575820e-01
-3.342983942665715968e-01
1.000000000000000000e+00
-2.244834999316361879e-01
-2.952919604266516229e-01
-5.660339330141243019e-01
-3.350749617470646369e-01
8.868847405497621850e-01
1.000000000000000000e+00
4.062598755238875370e-01
-9.707022371755816836e-01
-5.721143868762905704e-01
1.000000000000000000e+00
1.000000000000000000e+00
1.000000000000000000e+00
5.265284326122490199e-01
5.699853364832333513e-01
1.000209730621514637e-01
6.189840417930505545e-01
-1.000000000000000000e+00
2.277316594963920693e-01
-6.255112681173115030e-01
9.135525773390951176e-02
7.531604531860360829e-01
1.798457578029857840e-01
7.770158858270013180e-01
-4.871029205172074938e-01
-2.185805696157087918e-01
9.699960148748063560e-01
9.118589547699762488e-02
4.902425221962081192e-01
1.000000000000000000e+00
-8.187277987734614682e-01
-1.723177451694823947e-01
7.099322371680782950e-02
-5.030737573336520052e-01
7.092492337309610484e-01
8.292658304770793576e-01
-7.212923171951381995e-01
3.308722680639328284e-01
-3.241089451687351186e-02
1.617403802457828554e-02
2.224152441181330708e-01
5.011092837837588521e-01
1.000000000000000000e+00
4.720541495706916391e-01
-3.042667249360226922e-01
1.000000000000000000e+00
-1.000000000000000000e+00
-8.841347289582377478e-01
3.420129401884500209e-02
-9.986831666776019301e-01
-7.950315082586789650e-01
-6.536881445795557077e-01
4.171718565146289581e-01
9.672467571438325695e-01
-3.629616406831417397e-01
-3.427869575502990318e-01
-6.222863850906537042e-01
-4.532068254108054806e-01
-2.098672790073807803e-02
-5.409809808111656348e-01
-5.145445196783959840e-02
-5.685635895077787438e-01
-6.988462705017897125e-01
-3.744105698393183079e-01
-4.294381353507150112e-01
8.587566894174099019e-01
7.576627790382848282e-01
-3.253038139157327646e-01
-3.199843904117600224e-01
5.672885807242689093e-01
-5.030649206774956417e-01
6.999284110381956969e-01
4.412931738210240651e-01
-8.764197797583681560e-01
6.927965294916909045e-01
-1.004809067837919567e-01
7.064510241616637209e-01
-6.937128718258656068e-02
-1.000000000000000000e+00
1.000000000000000000e+00
9.495608808312229199e-01
7.408790292513840470e-01
-1.011143869152929392e-01
-1.000000000000000000e+00
1.000000000000000000e+00
-9.466472805678538549e-01
-9.999997508769419285e-01
1.536710907167831153e-01
3.450948634319174757e-01
5.536759998330440524e-01
-1.000000000000000000e+00
7.170380861511549409e-01
-5.431484693815873399e-01
-7.613825238276932250e-01
-3.085523226803409402e-01
-5.713539248964825124e-01
8.894072300921254115e-01
-5.426446122100885283e-01
-1.000000000000000000e+00
-9.969157921546984991e-01
1.099584340722836451e-01
-3.640938623905762839e-01
5.734095395563603148e-01
-9.366302083276967227e-01
2.836857396981579127e-01
8.218555056431134931e-01
8.298325171168710046e-01
-6.309011279392519045e-01
1.313386748125892622e-01
-7.834956319720076667e-01
-9.724496943903284674e-01
2.503868243277191930e-01
7.299526571726588919e-01
-2.868683939875338873e-01
-1.344484902985884078e-01
-1.000000000000000000e+00
5.610418317280048139e-01
-8.179677004013360397e-01
-1.000000000000000000e+00
9.921885776052098427e-01
7.331342228896007285e-01
-6.747367622208053639e-01
-2.663742602223220235e-01
3.731795543340734600e-01
-2.686642956635936219e-01
5.670262578404228204e-01
2.021688396180304492e-02
-1.000000000000000000e+00
-1.000000000000000000e+00
-1.749882085378388075e-01
-8.916568320621689470e-01
-2.071569865158806589e-02
-1.000000000000000000e+00
-1.822764412014372670e-01
1.957518630122321301e-01
4.749225187644104951e-01
-4.241663882857420464e-01
-8.116555692924221077e-01
1.000000000000000000e+00
8.701026881098716803e-02
9.595642195956965992e-01
3.195018108901604981e-01
4.162803524784282061e-01
-7.466519126368744708e-01
-4.686743953717169564e-01
-3.362003177253574671e-01
-3.950550929941738509e-01
7.150147323194024906e-01
5.735153334248960233e-02
-8.590269100787395473e-02
-7.407048422154066669e-02
3.443674734394033266e-01
-2.059151786558620079e-01
-1.000000000000000000e+00
3.979434578198082217e-01
-4.267192059719245312e-01
-8.773030884627269765e-01
-1.000000000000000000e+00
-6.840214884441209175e-01
-1.000000000000000000e+00
1.534834482953343904e-01
-5.566872780999221337e-01
-3.278336397152972204e-01
2.558583240309071360e-01
9.694873365899787654e-01
-7.143770663193558246e-01
-6.163395463663081664e-01
-6.288099960236166464e-01
8.956815247853043838e-01
4.852339230700972728e-01
-6.531631436155411752e-01
9.304628164942878588e-01
-3.622078325779876096e-01
1.556980153849571447e-01
7.568411750852113151e-01
6.513368732870344902e-01
7.483827280713335472e-01
-3.987193739692684868e-01
-4.874203109641458420e-01
-8.667255362669856744e-01
-5.989608909535386605e-01
6.025728568989416889e-01
5.547890105849042630e-01
1.000000000000000000e+00
-4.956991330008155838e-01
-2.001964906088531670e-01
4.818596951942306222e-02
6.966590810411958934e-01
-3.834191730226506611e-01
1.000000000000000000e+00
7.665392070053989038e-01
-2.255457408631945659e-01
-5.684903999298374089e-01
3.414675328587257752e-02
1.000000000000000000e+00
6.668516887962185891e-01
-8.535932087665751844e-01
5.181912660642753465e-01
-1.000000000000000000e+00
1.000000000000000000e+00
7.410651551435483153e-01
9.831268695271775382e-01
-8.102127388495816707e-01
-4.448260780861364450e-01
-2.545428536731517144e-02
3.549900184592226227e-01
-6.448605174817434449e-01
1.000000000000000000e+00
1.000000000000000000e+00
3.695896648972063492e-01
2.264355634867170619e-01
1.000000000000000000e+00
-1.000000000000000000e+00
9.688172980390317157e-01
2.627016123941766645e-01
-6.343636242358724475e-02
-9.185174357767751374e-01
-1.964543198129506951e-01
-6.676396609745225419e-01
-3.329499134620553247e-01
-5.006190686527787204e-01
6.829830755645001084e-01
-1.571207489289372372e-01
-1.000000000000000000e+00
-6.462763572754859354e-02
2.377899555129254217e-01
5.171783766746032018e-01
-9.298043177852328700e-01
-2.786308191519449862e-01
6.938668875123081836e-01
-1.451756856111674487e-02
1.000000000000000000e+00
4.307263840085218121e-02
4.053250963028027232e-01
3.164980824366162016e-01
4.273674700235563506e-01
-8.375673359136190932e-01
-1.000000000000000000e+00
-1.560455914716586123e-01
-5.801754409118590194e-01
7.541796512022553856e-01
1.000000000000000000e+00
