-8.996228827757009050e-01
-7.956647032897772309e-01
8.928338851366321993e-01
-3.106392265323831836e-01
-5.799534967278967557e-01
5.423638853708789842e-01
1.770985931823076953e-02
6.316111042108696338e-01
6.177847236114346607e-01
4.663542595889680342e-01
-7.085101778711687670e-01
1.990358029964094388e-01
1.623807094778706439e-01
-9.052122157109099287e-01
7.692220324760781214e-01
-7.443946734127870890e-01
3.359121437650482989e-01
9.573895509657395220e-01
4.078943382042805599e-01
1.956065781324511921e-01
8.259991807878317438e-01
-3.743090546428056165e-01
9.989510884337167163e-01
3.023624786554761634e-01
2.180179134770938720e-01
-6.128257827896654852e-02
8.726783335789971563e-01
3.545289652996543861e-01
3.318662971561201491e-01
9.608866002122995464e-01
8.272335125490735130e-01
8.633229850288273166e-01
-1.776555912986783614e-01
9.860114573648957048e-01
-9.680278770907624342e-02
8.383666477137245998e-01
1.357419760624984928e-01
1.082522782346404533e-01
-3.511870445040765620e-01
-9.490562978768046776e-03
-4.098618138208660611e-01
-7.347174449112303662e-01
1.000000000000000000e+00
-8.663387082535651817e-01
4.305590480112291285e-01
-3.950205248203442210e-03
8.672709195218062384e-01
1.151447602924320357e-01
2.194212311799590420e-01
9.651600002408113887e-01
-3.363512126219072584e-01
9.963194316961432317e-01
-1.327014871996601286e-02
-5.996912143124004668e-01
-4.314547291070520707e-01
-7.250460681470971558e-01
5.037069730565220116e-01
2.719096869876793665e-01
1.000000000000000000e+00
9.740936710223753181e-01
-5.411580723997191367e-01
-5.287363453228661747e-01
7.162340351499194568e-01
8.245278563567171037e-01
-4.584701826153712023e-01
-8.393816057180774060e-01
-2.603142559636835163e-01
7.881654862736644507e-01
1.810224694651008104e-01
7.425473500610899613e-01
-9.892288085430802624e-01
-6.074799585194634588e-01
-8.583328424483673835e-01
-6.890316008506571777e-01
9.619356792572730797e-01
9.660096466242424906e-01
-7.798528805995659230e-01
-6.893952166639181200e-01
3.112915879474869585e-01
-8.410155539147547987e-01
-8.559317461705280294e-01
6.265688467979391163e-02
2.806080800622001714e-01
-1.232295446066982159e-01
2.156358159403060082e-01
6.772691183545322957e-01
9.511421296913753487e-01
7.628470903747530674e-01
-2.879564733266599674e-01
8.551436268142587060e-01
6.789077508105183512e-01
5.315535450692054908e-02
9.744776765880471814e-01
-9.570517451750790716e-01
-9.615956331549030400e-01
6.760543286418849718e-01
9.093997006949900985e-01
1.900931188826895379e-01
-3.613886005047017846e-02
4.212397425591598576e-01
-9.007343830341816293e-01
1.000000000000000000e+00
-8.964176922732296493e-01
-9.575519927957467647e-01
-4.009415746223805588e-01
-7.823682088333394624e-01
6.377721782511127646e-01
-6.203254449526538483e-01
7.610352281875454317e-02
-8.491427108583502470e-01
-1.726963873397029392e-01
-4.320477069652981505e-01
2.777154303121835976e-01
1.876460403861253123e-01
1.321913105235485997e-01
-5.926989387923666808e-01
-2.649371498713108952e-01
4.578187189488023279e-01
8.790413270964938519e-01
-9.212502359939758190e-01
2.791831941290254249e-01
9.119345956012734344e-01
6.716901361149609784e-01
5.551006213282509982e-01
1.000000000000000000e+00
5.137435231986955397e-01
4.895919013753107230e-01
7.184829698226229411e-01
5.508430373744167552e-01
4.762971976613357139e-01
-8.014550061770535638e-01
-4.404775592204686063e-01
-2.445807731074318703e-01
-8.125678356846068873e-01
1.672751091964417292e-01
-3.570787462260953671e-01
-8.173852879021366036e-01
7.467765628402174283e-01
1.570093722838108441e-01
1.240744848614444562e-01
-7.124198299214308250e-01
-1.103279922094939636e-01
-1.141329627146379089e-01
-7.656293627892325482e-01
6.996605600738259323e-01
2.079472500150696401e-01
-2.857462068719286985e-01
6.471990854233131696e-01
-6.759889129145131292e-01
-5.592846226399612597e-01
3.626937233648441783e-01
-3.791957779691821351e-01
-9.696008450724038497e-01
-6.308745757800231502e-01
3.452504234724427246e-01
-7.308011458078231826e-01
1.768531907187231855e-01
-1.280959949369764317e-01
5.406177279773305422e-02
-7.473088584308968940e-01
5.769178152515961333e-01
5.355369336193080976e-01
1.658952684597025939e-01
8.112928364677067794e-01
9.631414785480418850e-01
-2.091983932105012656e-02
7.963819038836355002e-01
5.177893403269200334e-01
4.440659996882720950e-01
1.464860017544800108e-01
-9.338275685142973792e-01
-2.901334528877697050e-01
5.630073190681417206e-01
1.725700934752054660e-01
1.798122823700072370e-01
7.776528479319022580e-02
-7.328594188637795881e-01
4.108150215690815621e-01
6.261650590037557418e-01
-3.335194065968583033e-01
6.202578221220069743e-01
8.467365024404078788e-01
-5.800505972178426894e-02
7.420720544789105588e-01
-3.024495279748375953e-01
8.150406216617096522e-01
4.181624412590896345e-01
-9.380425207188745063e-01
-7.804506101184931488e-01
-5.359185005251618783e-01
1.243237935274796729e-01
-8.769730914575470937e-01
-8.169603144840589248e-01
3.955386519888024477e-01
-8.362234224174966979e-01
-5.121951969634570556e-01
1.747946090860628132e-01
4.210116491100324154e-01
-2.570702243352638305e-01
8.229513903555085719e-01
-9.373178788002050066e-01
7.046074926575540687e-02
6.247371324475636811e-01
-6.123802785846159669e-01
6.587703465131837799e-01
-2.112111270831709131e-01
4.521114306108664493e-02
1.000000000000000000e+00
-9.517366931384996231e-01
-7.099920001312900464e-01
3.495171692857779178e-02
-5.090877505215749554e-01
-5.077751055367141220e-02
1.000000000000000000e+00
-2.004116472536752180e-01
-5.122338048509404995e-01
-2.899328356725048295e-01
9.674615331788629646e-01
-6.046535375330308604e-01
-3.246946247128170704e-01
3.100089676612931555e-01
-6.255224584935870080e-01
-3.113980202682493648e-01
-6.598011391936964287e-02
-1.090516842217654769e-01
-7.891404185988810660e-01
6.556397099756032798e-01
1.827299158426520798e-01
2.361123793793828973e-02
1.437647124806424870e-01
-9.447035723796763929e-01
-9.559007102219301277e-01
5.301706863241939516e-01
-1.676011135417139197e-01
8.952629398062437183e-01
6.455448697760290955e-01
2.544722796078191518e-01
5.156481325320509956e-01
-6.922091419168339144e-01
-7.423396798726311641e-01
-5.896171920960358026e-01
-2.832140449947935235e-01
7.138244509969093876e-02
3.010972864110044167e-01
7.936419048544411936e-01
-7.012674829962755041e-01
-2.148283121195037060e-01
3.314870939083761070e-01
-6.888688334875681107e-02
-6.508921248030523632e-01
4.976689507306824023e-01
3.712369780358160121e-02
-1.649686497483990877e-01
-8.086564738555512832e-03
7.725168314912073120e-03
-5.601308657951078462e-01
-3.440866737139159914e-01
2.165624553431049204e-01
5.232024521829583552e-01
9.741694579955879618e-01
-2.316556831081816592e-01
8.629380294419926045e-01
2.432843516803242512e-01
7.417710820236460556e-01
1.000000000000000000e+00
