-9.745293397446743722e-01
-9.217958187802088865e-02
-1.629485845013596279e-01
-8.872551273832358643e-01
-5.685115307567232268e-01
5.956000732164665745e-01
2.841390842657313676e-01
1.505577108142979181e-01
-7.146736061921360461e-01
1.663091633997848540e-01
8.303045511084816699e-01
8.485030348199098515e-01
4.026344837599902249e-01
-2.105754974356379705e-01
3.728105339488330117e-02
7.990801900877233521e-01
-2.370753685508011355e-01
7.944049405452457968e-02
5.376734195084107437e-01
-4.393893815446741069e-01
5.457536009242702768e-01
-4.463948415130086778e-01
2.664903351713232560e-01
1.377481331650549645e-01
5.760138635449556510e-01
7.345692716342143713e-01
-2.900866260709067390e-01
1.000000000000000000e+00
8.688673052727555746e-01
-2.770739665757727122e-01
-9.387471955823112335e-01
-6.319655224941059801e-01
-9.410859667156168396e-01
2.534539252391443398e-01
-1.410404035076542328e-01
-2.722615225430643493e-01
7.413294165995212293e-01
3.994552873972434526e-02
-1.196947788442705995e-01
4.240192771895652246e-01
-6.033824872014061924e-01
2.336223780207750123e-01
-1.197734493547670809e-01
6.057255625364801332e-01
-7.121214164451359352e-01
6.852341739034477630e-01
4.981439701048673285e-02
-7.507747135300915087e-01
5.770039660342307641e-01
-4.120639862076342919e-01
4.278621930314321364e-01
-2.679497696085781921e-01
1.599137536448232977e-01
6.154783923123966494e-01
-6.832080980454344754e-01
-5.661222351486552284e-01
-9.450326690669785812e-02
-8.510741638505872064e-01
-4.297169887843006464e-01
7.773849902926428523e-01
1.000000000000000000e+00
3.914489866636392534e-01
-3.810908714581706103e-01
9.425735234262182516e-01
3.828683406502328967e-01
-5.632147268865123069e-02
8.458248384784350371e-01
8.973861269908565141e-01
-6.912738896918273479e-01
4.490920777649058948e-01
1.449635936271200798e-01
5.676798617686004134e-01
-7.392498847079649327e-01
1.612010307626385863e-01
-4.022781494759510856e-01
-1.303122712113040649e-01
1.272893702781121572e-01
-2.183497376044103433e-01
-5.927921021585844663e-01
4.250052427671358046e-02
1.645979889523925821e-01
-1.000000000000000000e+00
3.746624578991566423e-01
6.904341490558689731e-01
5.496219291781565541e-01
-4.745406080989944542e-02
8.332908042444785446e-01
2.067388395316882566e-02
5.099611087612578864e-01
1.000000000000000000e+00
-3.955324399056068252e-01
6.031042257536078921e-01
-7.460031490397951437e-01
5.185911011262884784e-01
3.100762904565134148e-01
-5.310336114415248332e-01
4.467768220220282860e-01
-3.324102187152797594e-01
-4.015624094232508323e-01
9.029333861440973497e-01
5.112485395313652869e-01
-5.245522754666234189e-01
-4.946467457379086774e-01
6.532098259181795541e-01
-2.942471159993895746e-01
-8.646234286455705131e-01
1.885538907056843461e-01
-5.645750371939506351e-01
8.850079126911423177e-01
-1.466690285360896517e-01
7.420494184934358639e-01
-4.545724306119076630e-01
-7.098489947136494838e-01
-7.944057604371139725e-01
-9.610841069532438663e-01
-6.023903360320891354e-01
-3.706494125042003596e-02
1.175263943104261077e-01
-9.816149680251360365e-01
3.135444836869452079e-01
-1.943504529951596282e-01
1.052055453844372157e-01
-3.836199934200967832e-01
-7.476950441431818861e-01
4.380319876416982616e-01
4.274306550608788502e-01
2.608510309798914850e-01
8.656546745868445303e-01
9.132974951809866848e-01
-3.312269949636824640e-01
-2.099289928360903446e-02
-1.000000000000000000e+00
6.997992308190975619e-01
-5.823394854522880859e-01
6.680520546010962901e-01
2.464859682089311221e-01
8.746473229544344807e-01
-1.000000000000000000e+00
-9.393755954273996789e-01
6.042742442704409633e-01
-9.087082035806250957e-01
3.874583170497396256e-02
-1.702016829284938304e-01
7.610574634724640575e-01
-8.196981009369888049e-01
-2.645975083004674655e-01
1.000000000000000000e+00
6.994994482173357842e-01
9.379984732884019127e-01
1.593680733690171214e-01
1.000000000000000000e+00
6.135147441519164246e-01
-7.145426636454770275e-01
9.964592665966180984e-01
3.465825794466648180e-01
-4.486671301409312917e-01
1.823068191962970985e-01
3.707638221323117378e-02
-4.613396165552623440e-01
6.128149320318292403e-01
4.529864757415985044e-01
2.477240826187132594e-01
-9.934056620495210765e-01
1.680543498671963620e-01
-1.000000000000000000e+00
-2.032823309019454183e-01
6.339684580095492628e-01
-4.130450237373411992e-01
1.535371865702122030e-01
7.458462723187730958e-03
-2.935937073495651362e-01
2.706306954666798381e-02
-3.695506533652366254e-01
7.730441300133819027e-01
5.855039142678650776e-01
-4.331610796065501479e-01
5.380969471476371169e-03
1.000000000000000000e+00
8.069987859225591365e-01
9.564358164303983223e-01
1.296367344737900940e-01
-3.825715813461423309e-01
-9.402912602389921215e-01
1.684164884008097218e-01
-1.000000000000000000e+00
2.571271024049478493e-01
4.128185080493635972e-01
7.676253353190123363e-01
-7.884087880335146625e-01
-1.623299494254437647e-03
-3.978570735538207170e-01
8.391724773393571812e-01
-4.653034710706773214e-01
7.711159236669580253e-01
3.126133542007956123e-01
4.561381719547663582e-01
-3.756768331691169305e-01
-5.880103335870869863e-01
-6.056600770215061491e-01
-7.503763102696121567e-01
-5.870509962185015418e-01
-8.260006253978642299e-01
7.569177457684007904e-02
-8.477130550296934075e-01
-6.647364793925198967e-01
9.378732073479867370e-01
3.110666302899376401e-01
-4.052289403152215530e-01
-7.209534524888824847e-02
6.637448021428598022e-01
-5.188253606922204053e-01
2.788319524904734337e-01
9.740811117842993472e-01
8.548127254205201142e-03
6.843212268580560753e-01
-8.225029491422564121e-02
-4.185278870711929833e-01
-3.495708005608721969e-02
8.226207524909154856e-01
-3.020943180597876476e-01
-8.441628375456489142e-01
-1.000000000000000000e+00
4.468937549798026043e-01
-3.004470855103218430e-01
5.656059279710050625e-01
-8.945135268507333759e-01
-6.111699348797929865e-01
7.611934787052321294e-01
-4.754381543783008368e-01
-7.890757269658655870e-01
-2.381390454477772534e-01
7.360822089424952086e-01
2.302330550627015582e-01
5.491968143202357044e-01
5.806576151975906264e-01
-4.853082438051118386e-01
1.061386006877136357e-01
7.218738060797469380e-02
-1.000000000000000000e+00
6.632375781387680469e-01
4.796805965724743603e-01
-4.932289784973189484e-01
2.962783182522805703e-01
-1.633440286208557579e-01
1.867479611292006680e-01
-6.965952072745129620e-01
-9.556057405807721894e-02
4.119387705817421086e-01
-3.659470727376690213e-02
1.288883236600000259e-01
-5.778659771499445874e-01
-6.963990583506316501e-01
-5.859423122696094666e-01
4.319827755078864406e-02
-1.000000000000000000e+00
-8.291790572838846352e-01
4.129537197233312806e-01
6.115308553504565925e-01
-4.831550226922629032e-02
-4.774676781567570583e-01
2.067015555610591804e-01
-4.763488308246111025e-02
6.101856929760847148e-01
6.786571245126923335e-01
2.481356320353105271e-01
