-1.000000000000000000e+00
6.149082297780170681e-01
-4.447663558580772225e-02
6.437676017481068769e-01
-5.223742163032270014e-01
-5.955528569016133034e-01
-5.205969969467809655e-01
-8.207439350699956560e-01
7.439535552793710149e-01
-4.587342882309723424e-01
-1.000000000000000000e+00
-5.448402578975748423e-01
2.045894335611613268e-01
-5.630288144730063449e-01
8.167481459754205586e-01
-1.956515472311336490e-01
-9.739799255992669380e-01
-8.841653157253619444e-01
3.281206026653806784e-01
-5.041911355404191664e-01
-5.645145877673465318e-01
-8.786931399097119844e-02
-4.965702174824393467e-02
-9.089491769852855452e-01
-1.953805636876897456e-01
-3.055315002060945417e-01
-4.315756397556020918e-01
-4.957754483634704279e-01
-7.686010237102902654e-01
-3.658800699067241702e-01
5.659852280108321754e-01
2.750733576002368785e-01
2.673635008606423114e-01
-5.431416329574521029e-01
5.368852194313342707e-01
-3.750575810062659610e-01
9.830027063190704961e-01
5.937026956081770113e-01
5.351641211480906435e-03
-3.705421034530218538e-01
-5.139113343089241059e-02
-2.024331562231778125e-01
-8.017571106340382059e-02
-7.479280762156963469e-01
-7.727753404895474354e-01
-3.141000628325181232e-01
9.047458978290445764e-02
9.527334663149611416e-01
-7.212587660869784756e-01
-8.124580380979808947e-01
-5.157873168975086742e-01
-9.311868234401816657e-01
8.579713573519254233e-01
-8.595888209359092702e-01
5.874613551032670244e-02
6.913839277744173728e-01
-7.573949032880151755e-01
-9.509373079117227068e-01
-2.150212744886811911e-02
-8.685036181569192326e-01
-1.988949343744836895e-01
7.085888496350656318e-02
-1.000000000000000000e+00
-3.563471094030692399e-01
9.537524630173843665e-01
-5.154688927433044299e-01
-5.569323776644763413e-01
-4.036802428731216530e-01
-4.475916310350080973e-01
2.745497919437789314e-02
2.751381875127913990e-01
2.408652787515479510e-01
5.540407443981651969e-01
-8.198787150701898341e-01
-2.806269126872555919e-01
-3.483414853556965340e-01
-8.890765413125980565e-01
-1.000000000000000000e+00
3.707642965540423052e-01
7.388582353075012765e-01
-2.004598311941010458e-01
1.000000000000000000e+00
9.722563532809824771e-02
-8.922462787796516803e-01
-1.178698226146184247e-01
-9.386457098685028200e-01
-7.699112440576683092e-02
9.702231854260066068e-01
-3.819100180444332526e-01
2.512570905266240384e-01
9.591066348938797059e-01
-9.525503931596919216e-01
5.522677400661333280e-01
7.125355716388761529e-01
-9.949134898359224266e-02
-8.244299243781028075e-01
-6.073205667322039147e-01
-6.687714443837413647e-01
7.502504946437784650e-01
-8.583645031338722475e-01
-8.567387105510839707e-01
-8.227025048411613639e-01
4.897111969394758457e-01
3.364467523626948342e-01
2.621195388444845786e-01
7.292315914498748164e-02
-8.693708894313663116e-01
7.979744631428380419e-01
7.532305156744907304e-01
-1.000000000000000000e+00
-7.451551911356020241e-01
2.608543562958067774e-01
-1.228427150902731135e-01
-1.740855217179086978e-01
-1.689794102415209665e-04
8.480453963181497912e-01
2.104653021374123245e-01
-8.300871334972754756e-01
8.656083480863900892e-01
3.029786038656008262e-01
7.717114231865840335e-01
-5.723507635041933383e-01
-3.101851171137225416e-01
-8.643694289685266430e-01
6.157472086343525053e-01
-9.552628909608342767e-01
-6.890577485094364629e-01
-4.800908681123652322e-01
-7.203024585169068850e-01
-6.364847762779362039e-01
-1.214983092647707874e-01
-9.994594808350232285e-01
7.038049661891898623e-02
8.762345469719143853e-01
-9.291581519742659889e-01
-9.013054387192933614e-01
-3.144836064089180372e-01
4.300602456810433960e-01
-3.679618013194962955e-01
3.792645669145493503e-01
-5.539565401259431976e-01
5.387324837242770670e-01
1.173537504898587436e-01
-5.583310573959259226e-01
2.971184841064717919e-01
8.376280367314214992e-02
1.019616982806459404e-01
-8.819645142526524317e-01
1.941220031133521484e-01
7.046567462653750002e-01
9.447917749874419346e-01
-2.941024040282465002e-01
6.869227744312895734e-01
3.482101927851155576e-01
3.538972880590658399e-01
9.080202920205047157e-01
-3.899456006508328354e-01
-6.455193989498462237e-01
-4.069926380462951521e-02
5.472759413417657148e-01
1.341171861943366572e-01
4.706737723038396659e-01
7.883756409690880762e-01
-2.430152039522925911e-01
3.672684413659923486e-01
-3.256032737184408887e-01
9.821675050692491027e-02
3.052896266843654338e-01
2.058020461767102738e-01
-3.558604879993545467e-01
-5.241183282222330320e-01
-9.216460309980056831e-01
5.536541751037948877e-02
8.504565536612840315e-01
5.626532302131248553e-01
6.132295005810104449e-01
-6.358526820800081136e-01
-3.117203383429936192e-01
8.466286317332760714e-01
9.094527274283501495e-01
-7.537984038934588682e-01
-9.529749682849211201e-01
7.865906687958024168e-01
9.706652642974578082e-01
-1.262869465142000269e-01
-2.192784116778847547e-01
-1.216580972248053616e-01
6.580543109791954226e-01
-4.193969095196552477e-01
2.815515472865190993e-01
1.039811708332678553e-01
4.893721913066984008e-02
-8.983616520033994579e-01
-5.200617030222001169e-01
3.789285989628574658e-01
4.026544915462593188e-02
-1.219439553007846122e-01
9.088193226327361263e-01
4.133533918238908034e-01
2.533120567261686329e-01
-4.065049545125511976e-01
-2.404569379358377779e-01
-2.985237933563977819e-03
8.416686939261357470e-01
1.817855414814935067e-01
-5.709306917710761375e-01
-2.051986153731115703e-01
-1.627659887576469178e-01
8.216300985196804962e-01
1.336497301707135765e-01
-7.938774957775260877e-01
6.209109583943381860e-01
8.568439535901901660e-01
2.930332731083122866e-01
-3.328938656370430405e-01
7.759921171094941172e-01
-2.658312920989682748e-01
-9.449195575711715200e-01
-6.942932411040085849e-01
-1.000000000000000000e+00
1.774796292938862763e-03
-5.133496149561012079e-01
4.832176726243371245e-01
-4.643154612958393379e-01
-4.129871759148715515e-01
-9.172574346569675185e-01
-7.014306681459008264e-01
-6.292661047206220548e-01
7.174073516604413392e-01
-4.698145797881161378e-01
3.987450400141263618e-01
-1.734643368254528140e-01
7.477760265008939200e-01
2.567083469941020546e-01
3.326628817908392488e-01
-3.299956030517148253e-01
-9.420525612712669083e-01
6.641005492017360012e-01
-9.371835582235930051e-01
8.362527927997673860e-01
-6.012113095954787489e-01
9.425104326342450545e-01
-4.712253942666113637e-01
7.318545962437033037e-01
9.115113784164670108e-01
-5.850989058724778147e-01
5.595847926914228054e-01
-2.916567001290857331e-01
4.779627778765591639e-01
-3.535304535178973584e-01
-1.812334848168893342e-01
5.921740289560539772e-02
-3.852181239019556447e-01
9.490884191128088343e-01
9.762161233768751334e-01
-6.990186618257732132e-01
-6.425762897391429362e-01
-4.867530868393603605e-01
-3.242018485925146631e-01
-5.476712107684732211e-02
-2.242247446629330732e-01
-7.849582111744330959e-01
2.569044292091409165e-01
9.524935247320798215e-01
2.134644147342099618e-01
