6.333467020198532138e-01
-6.347141653310111042e-01
8.048898284812904258e-01
1.846550519370496746e-01
-1.000000000000000000e+00
-6.181931428483798951e-01
4.084478516115424007e-01
-8.266013225689006205e-02
2.402427087328390387e-01
-2.925893366938914220e-01
-9.334742553891516303e-01
1.000000000000000000e+00
-4.036708966894860251e-01
-8.454154787571310781e-01
-7.482198016395593676e-01
7.714244673065524527e-01
-3.596662211527410502e-01
-9.502331265656087655e-01
1.519976078333916125e-01
2.575069488530423722e-04
-1.000000000000000000e+00
-2.192737362273460278e-01
-2.467301726211641455e-01
-5.323504263767085964e-01
-4.697826778330956299e-01
8.496629929376888768e-01
1.000000000000000000e+00
2.046504288362922530e-01
-5.055073927432912617e-01
8.048625163106233327e-01
-7.550545009838538490e-03
8.401874726278146799e-01
-1.000000000000000000e+00
8.463253080515464877e-01
1.208652995968408916e-01
6.366975087430120084e-01
2.903460332485100492e-01
-7.395569647926536483e-01
-5.562114443278862730e-01
-1.221890192346242188e-01
-7.058258724810696494e-01
-2.564795083192979441e-01
9.330374691044562852e-02
-2.268184083744134716e-02
-1.000000000000000000e+00
1.000000000000000000e+00
-5.714921551342755368e-01
-3.786632235750686526e-02
-8.840342938768642744e-01
5.162987364706002058e-01
1.227575116628221719e-01
-5.163863830004125077e-01
-4.732838276195234228e-01
5.566341059508767009e-01
9.066259217341253729e-01
-8.907250317268077255e-01
-5.251285184267917572e-02
-5.447491258828012217e-01
3.469607193074562002e-01
-1.000000000000000000e+00
4.077292420413098917e-01
2.407398664469458938e-01
7.843228411938685252e-01
3.727378279059690436e-01
6.359774799941584345e-01
-2.861869504673765219e-01
-5.299411490426474414e-01
-3.648646987502837113e-01
-8.263202081836488189e-01
7.664084178400514258e-01
1.000000000000000000e+00
-4.762883275236640124e-02
3.498527718197122494e-01
3.294249657281558274e-01
-5.400124323574080343e-01
4.215955167830318651e-01
6.892619953978591507e-01
-2.359879123801850720e-01
3.567802709289026319e-01
-1.000000000000000000e+00
-7.549434958836904741e-01
-6.913116798133329688e-01
2.546625805965688771e-01
3.604058361781625752e-01
-2.404277481530703309e-01
8.818620529248452078e-01
-1.000000000000000000e+00
1.000000000000000000e+00
-1.000000000000000000e+00
2.090595953460483436e-02
-2.725322430812646690e-01
-1.000000000000000000e+00
-3.423381089041317438e-01
-7.333608805546971698e-01
1.638041296976342487e-01
9.403378910925987988e-01
1.456972294489218833e-01
1.603536015727835551e-01
1.000000000000000000e+00
-1.381221778249289711e-01
1.000000000000000000e+00
5.764113880654603284e-01
3.835013770834831415e-01
4.203372421838740824e-01
-1.808374881124701350e-01
2.880397469220938866e-01
2.382239812176272231e-01
-5.870841276473690584e-01
8.268781295653595542e-01
1.505246335172264471e-01
4.099845095375840853e-01
-3.911032733013733997e-01
9.364311533094487050e-01
-5.250502061347410709e-01
6.483954626866321735e-01
-7.073665256349681574e-02
-9.065710211565617405e-01
3.173259606652902853e-01
4.227918090980490873e-01
-2.471255174915431008e-01
1.000000000000000000e+00
-4.483464426439107697e-01
8.883923473842179064e-01
1.000000000000000000e+00
-4.980196203731298565e-01
1.000000000000000000e+00
-2.375394401441144332e-01
1.898281767565744849e-01
-7.659867666028814526e-01
-3.346826484599548790e-01
9.008809413305192137e-01
1.000000000000000000e+00
3.245061151742157368e-01
5.412064030027768924e-01
1.000000000000000000e+00
9.116540327206998917e-01
9.223982938345942628e-02
-4.651525662868041255e-01
5.639011726786308243e-01
-3.453246609869025097e-01
4.280329979989172529e-03
-6.928074976550604447e-01
-1.000000000000000000e+00
-1.000000000000000000e+00
-5.502196229940991001e-01
2.130506270648427347e-01
-4.412496007337963211e-01
-7.498291699677031019e-01
4.946965604917193948e-01
-2.460857576343455644e-01
1.282002555145936862e-01
6.144006984691786633e-01
2.935179234883549260e-01
-1.000000000000000000e+00
-8.996081312226293925e-01
-1.652287542026897871e-01
-1.605001389347073815e-01
-9.236950600690111424e-01
-1.000000000000000000e+00
-7.750428398100872585e-02
3.856402782498138948e-01
1.000000000000000000e+00
-8.359230800531654015e-01
5.133058523889044711e-02
-2.212172666584632241e-01
-4.024987784395915313e-01
8.628838073095450589e-01
3.437543501356413733e-01
4.077905736376434831e-01
4.888867593957962887e-01
-8.649040649098942435e-01
-2.967679261596984919e-01
5.419538583057451619e-01
1.000000000000000000e+00
1.000000000000000000e+00
1.000000000000000000e+00
6.773551764695504573e-01
-6.424279800560925846e-01
-5.657096024231439424e-02
-9.497306472281343837e-01
-4.266843037833072394e-01
9.358128646473633516e-01
-4.745164928759946221e-01
-8.544067383366404922e-01
1.539363941383570800e-01
-1.000000000000000000e+00
4.662538457813433790e-01
-1.171133252776633826e-01
-1.000000000000000000e+00
-1.363668066975263216e-01
-4.322032704025091654e-03
-9.304780277149382606e-01
-2.196608045227903261e-01
1.045734317834958738e-01
-1.000000000000000000e+00
2.135505088996258183e-01
-5.310695366307505161e-01
-5.090353104846764287e-01
7.443827660608564045e-01
-5.986828814600837489e-01
-1.000000000000000000e+00
-2.911904025162795340e-01
3.655483172094323163e-01
4.420115276410454541e-01
-1.000000000000000000e+00
8.386420942756587227e-01
-1.000000000000000000e+00
1.000000000000000000e+00
2.795988693679938297e-01
8.386033579257217152e-01
-9.790176762640665498e-01
1.000000000000000000e+00
5.075013041998694963e-01
5.978242827973028195e-01
-2.555103250631886036e-01
1.000000000000000000e+00
-7.386842715791717140e-01
-4.693342219068263321e-01
1.000000000000000000e+00
-2.721185867732246466e-01
-9.075851164105137592e-01
1.316676056552248952e-02
6.193887728606464194e-01
-1.000000000000000000e+00
-7.335108183241766389e-01
-9.468645384055280889e-01
-4.812564722020875596e-01
1.000000000000000000e+00
-6.248734200347549894e-03
-3.812216149163346612e-01
-1.263121141216870247e-01
-5.432212916752519050e-01
-6.635133752688602282e-01
4.785537329583885446e-01
9.142996943823538114e-01
-6.177189678539134476e-01
1.888654742777416407e-01
-6.322503223050551791e-02
-6.669087950375964802e-01
-6.372482145273443699e-01
1.000000000000000000e+00
-6.731487162308398275e-01
-8.949323479132154091e-02
8.577766167695475286e-01
4.377438031500947568e-01
-3.922710185160998564e-01
4.455994059712914401e-01
-5.968656217869261482e-01
9.292018137392060728e-01
-1.000000000000000000e+00
1.000000000000000000e+00
-1.000000000000000000e+00
3.439300221299255722e-01
2.491707744536635905e-01
-6.839232796550960281e-01
-1.000000000000000000e+00
1.514825015504403516e-01
6.515063082588081755e-01
-9.100646828644862740e-01
3.654877026108796501e-01
-3.621238890270883637e-02
4.913856246252011339e-01
-3.631001857722091497e-01
-1.000000000000000000e+00
6.681356943014020722e-01
