2.732637381055367243e-01
-9.025487973281411946e-01
2.183829392357377053e-01
-4.457869194762724696e-01
-9.607588899997576704e-03
-6.652212098780929672e-01
3.431105029111203297e-01
-7.795844745955271549e-02
-5.695119666034451633e-01
3.025693807022467041e-01
-7.154819727378114447e-01
-3.675478025116427627e-01
4.040914382862702547e-01
5.841792919977162324e-01
1.321933766095897411e-01
-7.487182670667213991e-02
6.249464566348681416e-01
6.793901132621977812e-01
4.564084252859019752e-01
-9.591113315235038073e-01
1.820191308814436137e-01
6.840888549654775552e-01
-3.446175381708704855e-01
4.792186769123560897e-01
4.920865114823391728e-02
2.299078238154517173e-01
5.611693484292117340e-01
-4.387217310689683902e-01
4.620826278331980896e-01
-3.114942663903881304e-01
7.231263899734173828e-01
-4.140586383290097428e-01
4.453457664685922524e-01
-5.827475489171536349e-01
-8.755575237418042889e-01
-7.902202643593640996e-01
2.523466335547008832e-01
-5.167647369811687597e-01
-6.233225766154768532e-01
-1.889804933734762216e-01
9.413858549153810706e-01
-4.674265852759138529e-01
-8.328518071021706604e-02
-1.886499410705049229e-01
8.764574845120947089e-01
-3.505337495515612467e-01
-6.015609728065700601e-01
-6.986087890141041701e-01
2.699145935363564952e-01
3.553240071916076159e-01
-7.286363221119827038e-01
2.930602887294155856e-01
-6.579092423667584066e-01
-3.662755863453408534e-01
-1.000000000000000000e+00
8.413231403071688153e-01
9.142539081129670286e-01
-9.381477772663058268e-01
-3.588364306604574505e-01
-1.748560355196753235e-01
-5.196772606399302497e-02
-4.760497470020137456e-01
4.837812454346592794e-01
5.226000658201659377e-01
-2.306270383425016446e-01
9.450705754036383688e-01
-1.309685145784006410e-02
-5.417136828689863570e-01
-4.646048333121447493e-01
9.483545077172783611e-01
5.903080155069264645e-01
5.380036056234189790e-01
1.673377215683624630e-01
8.653106502169327641e-02
3.117680500509409924e-01
4.466958483455094608e-01
1.040968498980736623e-01
-2.290148019414568470e-01
-4.705569186460589748e-02
5.687018115356927694e-01
-1.000000000000000000e+00
-4.513195364945792321e-01
5.663033837289590533e-01
1.202784207293144392e-01
-7.274828275488891549e-01
1.900670813658786873e-01
-8.832243404102799733e-01
-9.298938789572557262e-01
4.586594942556110333e-02
-3.697195364903522741e-01
8.704768292176985334e-01
-6.965704049851202395e-01
6.259456471605215899e-01
-2.104809875229567417e-01
-5.840461744566076696e-01
5.704695866686839700e-01
-6.658934237752667240e-01
6.211205566990551930e-02
4.044146642103136902e-01
1.583906704433939439e-01
7.730302072999262197e-01
-4.036650770601216132e-01
1.924222095197272164e-01
9.400933843487577768e-01
-7.971709288921491332e-02
2.554001555457929840e-02
5.933025409688741370e-02
-6.983598438668858766e-01
-1.441012110008971225e-01
-3.593177995851715156e-01
-5.530648409325726877e-01
1.892319430053088780e-01
-3.594236903741033773e-01
7.628087843136894808e-01
-5.204893819551830170e-01
3.300522699377503866e-01
-4.712046002188499116e-01
-3.437657337972845895e-01
-9.527422325442171935e-01
3.579050000948530985e-01
9.028925574451027725e-01
3.282282250511006083e-01
-8.837675018872939159e-01
5.795464276312989327e-02
-6.448776346982247887e-01
-8.540933548395817088e-01
4.988611728570824244e-01
2.019053856719963402e-01
-8.072014993897325130e-01
-3.012180138008400121e-01
-8.905835065316125565e-01
-6.324241163784618536e-01
-2.716413503946801811e-01
5.540365330573022717e-01
3.147364973863440163e-01
5.149660285598653964e-01
-4.605420212396400537e-01
-7.634635109531586750e-01
-6.126081779813989936e-01
7.876884421602572406e-01
5.380788598161179159e-02
-2.131610550636893753e-01
-4.586796439105818024e-01
-6.482871970258856642e-01
7.879830019285078979e-01
3.879731591369147692e-01
7.776463140638953941e-01
3.114540470143006279e-01
-7.766242190996062167e-01
-3.894430346693900091e-01
-5.920988084051092004e-01
8.547474211496308705e-01
-2.028064393044328728e-01
6.633732878117253318e-01
2.551039123540674858e-01
1.624200466481431349e-01
9.917470085698016913e-01
4.579551049636678139e-01
-9.750787449301356880e-01
-2.293487788877115463e-01
2.372728621268493931e-02
-7.646607298397434249e-01
-7.281513164612569700e-01
2.779002961976875241e-01
2.129523179614072337e-01
-8.433383965657217374e-01
4.009287910436256652e-01
4.865029594604843854e-01
-8.141717474006577859e-01
-1.744021598229774650e-01
-7.032914007566339887e-01
-1.622918304658438338e-02
-2.386731372873985291e-01
7.394984475650692168e-01
2.586719749331178875e-01
5.184450208541238059e-01
-3.334933326426972044e-01
3.138812090830478407e-01
-7.556640129368841219e-01
4.783333612619351527e-01
-5.161948774010447494e-01
-6.928282153752898243e-01
-1.000000000000000000e+00
6.748096147829256708e-01
3.061833253320522807e-02
-2.406515175117966976e-01
8.206033245162758227e-01
2.071543243664710765e-01
-6.306038491617835806e-01
6.573621437823160552e-01
-4.959236020641548670e-01
-3.737450103966195591e-01
1.974960277446120571e-01
-6.540226144721341672e-01
-4.792571955266788919e-02
5.575433917025502950e-01
-8.527311110204947031e-01
-5.567843493696824630e-01
1.248862928725473775e-01
-2.941647277016374851e-01
-8.852082529083649121e-01
6.917172211867619325e-01
4.967668296830800578e-01
9.934542803194112981e-01
7.555198971576060352e-01
8.279233343442751192e-01
8.779736764737289256e-02
7.892051707577143471e-01
-8.122240924989934108e-01
-1.000000000000000000e+00
4.155961693458460893e-01
8.714414303093516168e-01
-6.288877611728107553e-01
7.962989234463369037e-01
-2.584858471003412816e-01
-5.994938781731836697e-01
-9.168717978974667560e-01
3.476824053229521372e-01
5.256030804318219118e-01
-7.456413838718789489e-01
2.092204572211198155e-02
-1.000000000000000000e+00
1.428640512638230664e-01
5.004809462336792247e-01
6.095287374951889880e-01
4.371298381619928008e-01
-7.846074180821809296e-01
1.938774127095475031e-01
-3.933294410323833201e-01
-4.687232071681664003e-01
-9.643757663373806466e-01
9.021886342237568357e-01
8.589972629026254580e-01
-4.282782123147710340e-01
8.504288101058965488e-02
-6.669872981785485155e-01
5.349885296653076328e-01
8.157189075843618298e-01
-3.374427423798935788e-01
9.258736958718261079e-01
-9.613119607963154234e-01
-6.263052203676835461e-01
8.619071335613637252e-01
5.577527832531741225e-01
9.592491815290733470e-01
-3.897662834038386759e-01
-7.910824793257300591e-01
3.072681805157029267e-02
1.519266038464377466e-01
7.253313737733058097e-02
3.973952120022024026e-01
-6.230923117954099144e-01
-4.716922669295460224e-01
-6.120916655217523150e-02
-5.266676180237319649e-01
2.803644385208305945e-01
8.147014531821888950e-02
-3.510071845381560474e-01
8.412839409180696837e-01
-8.352068336374935953e-01
1.611861407675201363e-01
-9.197308166335029789e-01
1.707217651033317019e-01
-1.000000000000000000e+00
1.178139779682023658e-01
