4.305165348875044096e-01
-9.490476995467298504e-01
5.277939858026154951e-01
2.266897622453365457e-01
-1.000000000000000000e+00
-1.000000000000000000e+00
3.824064645683636909e-01
-3.375572811437407283e-01
-6.656810231156824464e-01
-6.831056744148786830e-01
-9.340324599860101440e-01
-8.288616596773099587e-01
-1.000000000000000000e+00
-7.770161030703668370e-01
1.715183051502019440e-01
7.623587581320272477e-01
-7.667378423115001063e-02
-8.669418757997211511e-01
4.246461280810100991e-01
-5.112093591946371696e-01
7.547073319508983413e-01
-8.278144813572103633e-01
5.886152003785858344e-01
9.142916132715326327e-01
8.903925460331114650e-01
-9.937432934808605456e-01
7.850715575512625666e-01
-6.979374635561965690e-01
3.224365614388897683e-01
7.661800845999433562e-03
-2.520726916747650925e-02
1.000000000000000000e+00
4.858027036980485658e-01
-8.538279919216464897e-01
-2.006366867796043341e-01
1.493556802245858961e-01
7.376202417811161816e-01
6.716899954226158709e-01
-1.442168448533960312e-01
3.408208752420990306e-01
-6.453518016922674683e-01
3.914344872280706156e-02
6.621609287678902334e-01
-8.834499067084196078e-01
9.931242265872297637e-01
9.952660697820741031e-01
6.037171656613510295e-02
3.035423248356063919e-01
-4.961522964517894874e-01
3.170665208088833120e-01
-2.681120618731602789e-03
-5.479768878119322117e-01
5.343282207437156650e-01
-1.079031610618850223e-01
-7.807429789643975937e-01
1.000000000000000000e+00
7.077478989993311043e-01
5.308623088659336631e-01
2.196283626620920137e-01
3.708906290869944389e-01
2.215375665676795336e-01
3.920058665629433392e-02
-7.404402218945714820e-01
3.998427044380785667e-01
-9.616729042962688379e-01
1.149247389395542385e-01
5.699290530542491240e-01
-9.249953607889922491e-01
-2.569305351050397146e-01
6.037041874085491422e-02
-8.086880449781563840e-02
-1.000000000000000000e+00
1.228983137762913735e-01
1.680296598461625823e-01
4.756792367056030257e-01
-1.870316596161036848e-01
8.260369181464359833e-01
-3.028704454694928772e-01
-7.083130950276661508e-01
-9.893728723166228534e-02
4.163205784055459269e-01
-5.136545969169015180e-03
3.894339781474456252e-01
7.341825357394689000e-01
8.388022884808721269e-01
-9.777804580751918717e-01
6.991659431872518926e-01
-3.618354278606690233e-01
3.030273077929879211e-01
-3.767329478375922580e-01
2.535594824441738671e-01
3.787955371007298844e-01
-9.679978446104797740e-03
8.057927044432071639e-01
6.064511921816484463e-01
-3.530278143074647712e-01
-8.244812396738612215e-01
6.279586732060684628e-01
-8.683543575245522561e-01
-3.175101797901169753e-02
-4.900977123474112851e-01
-6.803470756959029142e-01
6.997696357269302947e-01
4.413116266256995601e-01
3.912148486172668527e-01
1.000000000000000000e+00
7.764878005805988526e-01
5.174054279562023684e-01
-1.795689775211575245e-01
2.228216325002707054e-01
6.914479806298353681e-01
-5.427825887199803079e-01
-2.046611766430984913e-01
6.063522670999452746e-01
8.442540718948032819e-02
-6.562657703054859404e-01
-6.134501973161099464e-02
5.713613194668210049e-01
-3.528131265088761959e-01
-2.954568305855664878e-01
-1.514334728153696741e-01
3.562764027154909918e-01
1.430394209282330742e-01
1.000000000000000000e+00
5.635567028508294829e-01
4.136548100258308214e-01
-1.000000000000000000e+00
-9.797348345985890106e-01
-1.310655774654390093e-02
5.003331974888425293e-02
-8.318655408643893523e-02
-3.004673634483888689e-01
-1.000000000000000000e+00
9.155863972093278846e-01
-7.885711612251213865e-01
7.990447270432383675e-01
-5.044216416808440240e-01
3.485580256152076561e-01
5.110389947485369788e-01
3.662962442263085761e-01
-3.600812095167806870e-01
8.441837321702911900e-01
1.000000000000000000e+00
-1.000000000000000000e+00
1.000000000000000000e+00
-9.532064405017635078e-01
5.870860730108538039e-01
5.090074165201736722e-01
2.471161223473752888e-01
8.893073836537916943e-01
4.003164742942819654e-01
-5.657878664776527788e-01
-9.579995560805087962e-01
7.880302439494446531e-02
-6.565607909065640513e-01
-1.897458334664220425e-01
-4.358125463023458934e-01
5.908995303566400015e-01
-6.974520493321689774e-01
-8.157078968979978306e-01
-7.800907367402138970e-01
8.782809114204590539e-01
-1.025872106231284220e-01
-6.163301197792092623e-01
-8.053805934377140652e-01
6.714663315251445663e-01
-1.000000000000000000e+00
7.837562537945231833e-01
2.869202966656743126e-01
-1.691130578946764551e-01
-5.102974991091751011e-01
-5.659724208060601391e-01
-2.900151436351675605e-01
-2.543471008777536957e-01
-7.678917371498238387e-01
4.168810675610012395e-01
-7.148734733970418809e-01
4.658284029231605228e-01
-1.378482762769588366e-01
-5.077549608156408656e-01
-1.130148460391480203e-01
1.968390605832295304e-01
-4.230830560779439420e-01
9.824859481972736397e-02
-1.975004672786300763e-01
3.363073650491787969e-01
1.955537909668223495e-01
-4.300105859232108418e-01
7.770103700949561043e-01
3.107347631344337113e-01
-7.468653799602471555e-01
-9.561228301353774661e-01
-2.659427815971853182e-01
2.317482451796586407e-01
-9.423154937398674491e-01
-7.968968926807553643e-01
-4.568244631523901145e-01
1.452632208108737832e-01
4.390691205852400025e-01
-2.012786224001104629e-01
1.043310823492724637e-01
-2.982457662737288961e-01
-6.676122781880188262e-01
-9.946365097964748880e-02
8.842630955897134992e-01
2.901163602493650462e-01
6.715673821896266382e-01
-1.378938403646174926e-01
6.731667165646322282e-01
-1.000000000000000000e+00
-9.938917171070777989e-01
8.200764697004885306e-01
7.125288883512312932e-01
2.780708155310123164e-01
7.005290947547224700e-01
-2.288591681322593718e-01
-4.587945234500205860e-01
-4.289423893888917316e-01
-6.054009473448451750e-01
-6.264255555479640858e-01
-4.295081464056476062e-01
7.905234660046578377e-01
-1.779668937916931426e-01
3.256906629287106281e-01
-2.826669382922719631e-01
-8.226575854971622803e-01
-1.000000000000000000e+00
4.798152467415748301e-01
3.133335474155578559e-01
9.560911683269355255e-01
8.209165584868824972e-01
-9.598073155944981671e-01
-7.674242704018860994e-01
1.573445649120102097e-01
1.000000000000000000e+00
5.598484899589195596e-01
-1.000000000000000000e+00
1.000000000000000000e+00
3.467273735247763389e-01
-9.686572464246343550e-01
-6.556228962220049805e-01
3.594293814855434865e-01
8.366265320212555867e-01
-2.054695525736152106e-01
1.795946938186805328e-02
-7.130119000238359650e-01
-7.031302902417198020e-01
-2.268069529233582848e-01
-1.000000000000000000e+00
-7.468574038340844989e-01
3.160835910419517170e-01
1.190259654928120803e-01
-1.463883696695694736e-01
4.671356048760837432e-01
-9.763096290609730721e-01
4.335934651978610166e-01
6.130139579277470441e-01
4.880399417597021117e-01
5.664955485228273524e-03
9.709391337279116296e-01
-7.282860380851714499e-01
5.231158946837251023e-01
-5.217912691358022048e-01
3.591757678945717291e-01
-1.000000000000000000e+00
