6.933026513170177374e-01
-1.030950618818710085e-02
-6.870950818206015276e-01
5.318529864483773073e-02
5.903370382601156319e-01
-2.828804788358085798e-01
8.628841241625474501e-01
6.391745184430608351e-01
-1.461474799804254321e-01
3.388883558695379161e-01
-4.696035900946735619e-01
7.952866643871441266e-01
1.953094311934671090e-01
-1.000000000000000000e+00
-3.256492230920762232e-01
8.930037745682364303e-01
9.200468110133477317e-01
-6.984163760336810078e-01
-3.606596746045225288e-01
-1.000000000000000000e+00
-8.209304072463732282e-01
2.526656318663241807e-01
5.409154648595054793e-01
-4.438596068556295293e-01
-5.667954200676967869e-01
8.955234946233026072e-02
9.613418041467891584e-01
-9.471818368976503422e-02
2.351314246548821263e-01
-1.257793325627587500e-01
6.844206443642010251e-01
1.000000000000000000e+00
-1.000000000000000000e+00
1.083908653226497432e-01
7.821223883785806130e-01
-3.579775583474356093e-01
5.332581516187556714e-01
-5.043047093727563990e-01
-2.908178669156564755e-01
2.131590980615249986e-02
5.476753658023290061e-01
1.503693861613004112e-01
-6.903180743516785789e-01
-2.869849089257936470e-01
4.187138824105275381e-01
-4.008968685637837037e-01
1.000000000000000000e+00
5.106979256992671967e-01
-7.246530168811635697e-01
-4.514886128339494764e-01
6.284546622319893139e-01
1.077049150114346432e-01
2.654742593354563196e-01
-3.357238595469298481e-01
-1.000000000000000000e+00
1.303642598598999114e-01
-9.667354898807243302e-01
7.966018206074985120e-01
4.625431192688542748e-01
-1.263321333124332035e-01
1.752941848207179021e-02
3.026028683082451765e-01
8.501860520906785457e-01
-9.653879485839966801e-01
-2.627034071426150863e-01
1.000000000000000000e+00
-9.255484295919579329e-01
-9.742066611607456128e-01
-2.298243868545148949e-01
4.087159966150309964e-01
-8.653295046816716907e-01
-9.198804621595180198e-01
3.641753802488263414e-01
5.273398278181371523e-01
-9.601711977846123514e-01
7.322759624554020519e-01
-9.889564967291653019e-01
4.023690318404593569e-01
-1.534894715389336639e-01
-1.000000000000000000e+00
5.405626622859900365e-01
-2.271871460470351600e-01
-1.338797754896070835e-01
-6.317468614917354230e-02
-9.081298109934557994e-01
1.760003430739076613e-02
-6.752531976276221481e-01
1.182347247389441414e-01
7.766356411432877582e-01
2.770617502742944716e-01
-6.539286262624193213e-01
-6.257121159174581226e-01
3.955245765228452282e-01
6.158319933586169359e-01
-3.457373388241522516e-01
-9.772264296594974642e-01
5.262707681056428832e-01
-7.391612332712793609e-01
-6.574806470861653818e-01
5.305229287623576262e-01
1.085003526501944066e-01
-1.995920886039788122e-01
5.341517890249196654e-01
-5.087923580368807208e-01
-5.840313399171890296e-01
-7.381246556923577451e-01
1.403881887226436920e-01
7.336183966539064905e-01
-1.252804035913511749e-01
8.179468474292606039e-01
-3.601956275181949496e-01
-3.177498959115674926e-01
5.353229474212448102e-02
-3.866182873070007631e-01
-1.923780600643640870e-01
-1.251937665651834397e-01
1.016864526915883804e-01
-6.306826217505994148e-01
1.422741416295265626e-01
5.671683137872474134e-03
-3.105692859927215999e-01
4.344022600026941072e-01
-4.618346472394903035e-01
6.599031320636616904e-02
-5.769700887994284599e-01
-1.148893710522456146e-01
-9.732791354125233108e-01
8.654624821918888156e-01
9.253288536588537561e-01
6.375815341906301281e-01
3.948549977088174900e-01
3.003943092126022396e-01
9.475956821697937293e-01
-5.339136032096738482e-01
1.000000000000000000e+00
-6.991167678602536739e-01
-1.499736989564306455e-01
7.637973183186326231e-01
-7.730020580710998956e-01
-7.051516509430002522e-01
3.819892712262418777e-01
-9.608281199889474600e-01
-1.347633415349092090e-01
-8.193662226960747308e-01
4.334760746084063143e-01
-1.000000000000000000e+00
6.912120533656651578e-01
9.504551727638066438e-02
-8.185798512175934682e-01
-1.543683685801533478e-02
3.709242741726324066e-01
4.803714610059002244e-01
5.797986642675476698e-01
5.020880892876848911e-01
-2.547260308137866414e-01
-3.661307822178280214e-01
-4.008645646059840750e-01
8.101941973574597888e-01
1.000000000000000000e+00
-5.967233441617618706e-01
7.504523453559271973e-01
-7.446849248442410918e-02
-3.221171392357253804e-01
-3.135637893098758289e-02
8.661596082960143494e-02
5.414795798543989847e-01
7.260191206382382578e-01
-1.000000000000000000e+00
-7.902042105983404507e-01
-9.539053176782840149e-01
7.764435153124862321e-01
-1.000000000000000000e+00
-2.041198375492253581e-01
6.529806622416720607e-01
-6.133217747012942311e-01
8.747571767978212787e-01
1.420902381412496585e-01
-6.288821606334364933e-01
-4.129907489292310441e-01
2.985361185483735857e-01
4.567000701062189361e-01
-1.755420666174238864e-01
-6.384922102819945433e-01
2.270594279948218164e-01
-8.977700397467074378e-01
-6.802417632469931474e-01
-3.403428578241812219e-01
1.403440423061708131e-02
1.140357779200726895e-01
-1.710738429656820658e-01
7.135297399118092354e-01
8.337064835312490985e-01
6.673994572483910037e-01
-2.008860772439082232e-01
-8.698373470361737692e-01
-7.287999790444307235e-01
4.443744430432052805e-01
9.038717381782612748e-02
-5.599923871909529005e-02
3.144014337124931835e-01
-7.374852689071773604e-01
-2.538118089107288533e-01
1.096019123791581173e-01
-8.964967057605910394e-01
1.891848042824042508e-01
4.815755914665400539e-01
2.044262452012663989e-01
-8.259035899273896586e-01
9.316439616339715624e-01
2.340248131335571635e-01
7.038487720823551896e-01
3.858014797249169625e-01
9.263905380244550347e-01
-1.272094518993260870e-02
4.448539496365870871e-01
-3.052492380099214309e-02
7.668874016528671733e-01
6.140954219954475324e-01
9.986658249015900601e-02
2.669803427439921273e-01
-8.592595067458159708e-01
3.882993451910781157e-01
3.587370075690787807e-01
3.687730890350333635e-01
8.280555324411286167e-01
-2.918767974544873578e-01
-1.000000000000000000e+00
2.132824469172376336e-01
1.000000000000000000e+00
-7.374248694480168842e-01
6.738481324657092930e-01
-1.000000000000000000e+00
6.821632566328537095e-01
1.000000000000000000e+00
-3.208790714783602560e-01
-3.747892655102886827e-01
-5.550418419461151665e-01
1.000000000000000000e+00
2.683947440459195644e-01
6.356184966125602021e-01
-3.490755760431589749e-01
7.750681335386755411e-01
7.489117022048488170e-01
3.266794891277549073e-01
5.923326332306282360e-01
-8.831143042748184069e-01
-2.014952281576509741e-02
1.000000000000000000e+00
4.126511578879874520e-01
2.256683377989072703e-01
-6.213517079873498439e-01
-6.966668626634897610e-01
-7.141831796310864622e-01
1.365317639714147546e-03
5.966993641676021642e-01
5.443217084933738015e-02
6.941007960418965617e-02
-7.197059104524927697e-02
-6.495932255636827080e-03
9.158474924534343309e-01
-8.864628219512143970e-01
-9.955348511880107720e-01
1.700196071825605948e-01
8.561065330611380420e-01
7.527294038849940971e-01
