9.577939564733877198e-01
8.703522800292665673e-01
-9.432184814578697951e-01
-1.203909050229866051e-01
7.373636077787567578e-01
5.010755643917119695e-01
-2.469788510230073175e-01
-1.000000000000000000e+00
4.766248163043501629e-02
-9.905252549991789834e-01
-5.390486624772052870e-01
8.877360785010611766e-01
9.975441954214889773e-01
1.000000000000000000e+00
1.000000000000000000e+00
4.874793252013773781e-01
9.055584835774463937e-01
-5.265360757472570263e-01
-8.357297179233451612e-01
9.842942508165271054e-01
1.134554053099862264e-01
6.723428954804162583e-01
-8.997854362240901294e-01
-1.783968430961987151e-01
2.084897891321508823e-01
7.063467067995210513e-01
9.929573792174484215e-01
-2.356551651723215457e-04
-7.371241530234076689e-02
-5.783935552154768622e-01
-9.395536397027313136e-01
3.350583345175657257e-01
-8.143791705080012377e-01
3.223221844939372360e-01
1.000000000000000000e+00
1.352559622741496270e-02
-6.772060730176410193e-02
8.494432723118076067e-01
3.131905509670663834e-01
1.000000000000000000e+00
1.000000000000000000e+00
1.000000000000000000e+00
-8.209136471459193007e-01
-2.776125333052724686e-01
6.863719702492443453e-02
1.187624509578713849e-01
2.349920445916427458e-01
6.592485118188998738e-01
1.804825002003628276e-01
-6.594734454262074497e-01
-6.706823366090588490e-01
1.099751638335892401e-01
3.018839492298296401e-01
8.695415368048398097e-02
-1.000000000000000000e+00
-4.933862246163471799e-01
1.000000000000000000e+00
2.762496352792735421e-01
-5.009737551832871283e-01
6.957032054930479825e-01
-3.500042829585437998e-01
-5.461212842409113311e-01
3.237046614499745623e-01
-6.765100550650587907e-01
1.000000000000000000e+00
-1.000000000000000000e+00
3.199410237773379073e-01
9.879093607281829170e-01
3.882579866992671991e-02
-1.000000000000000000e+00
-1.000000000000000000e+00
-8.008591346299365199e-02
5.535493235481597774e-02
-1.000000000000000000e+00
-4.097876945092366885e-01
-1.000000000000000000e+00
-1.098103933524303688e-01
7.420935314391552406e-02
-1.000000000000000000e+00
-1.890351384194818296e-01
-1.000000000000000000e+00
-7.413199269122969781e-01
5.809702387620210295e-01
-3.888729592039763538e-02
1.511627475467995918e-01
1.875449472418817543e-01
-1.000000000000000000e+00
-1.084231641952391190e-01
8.666847659254290903e-01
4.041781108483178397e-01
-1.855112642202004225e-01
2.116566652386001057e-01
-5.119359489979649069e-01
-7.562077919463765507e-01
-6.201836260473081452e-01
-2.394025849390742366e-01
5.606897339195080487e-01
-9.234446234783216800e-02
3.291534134254786581e-01
2.577249729357766750e-01
5.310027457622679137e-01
-3.484503843895743191e-01
-4.151788851472226760e-02
-1.000000000000000000e+00
6.347847063161642378e-01
1.639303776358060905e-01
-6.547400647979475519e-01
1.000000000000000000e+00
-6.452904759197388707e-01
-4.383373479163973352e-01
3.946438641833432959e-01
-1.000000000000000000e+00
4.404902690756415939e-01
-7.156335362185599624e-01
9.953648910600915167e-02
6.179191843471117940e-01
6.065800708899801164e-01
9.371623196894234287e-01
2.558687567821092967e-01
3.120066383751885497e-01
3.267302377546955072e-01
-7.048409872941095999e-01
-5.276526289855366647e-01
4.585668712708343975e-01
8.508619710377246514e-01
7.906642908525146618e-02
-8.443188415271243308e-01
1.153961711818921598e-01
9.118798565314778504e-01
1.000000000000000000e+00
3.736856337157381525e-01
-4.558202680050513211e-01
2.011289075406357263e-01
1.000000000000000000e+00
-9.628054412308564292e-01
4.108528412504224292e-01
-9.118753732866657913e-02
-1.000000000000000000e+00
-9.176943832264787826e-01
-6.891556478699675248e-01
-2.562198186004765454e-01
1.000000000000000000e+00
1.000000000000000000e+00
-1.549726184373670934e-01
9.618649759256998610e-01
-8.826848545098781029e-01
6.154199410905045742e-01
-2.008446932577983290e-01
8.691746546880232405e-01
-1.000000000000000000e+00
-4.991583358117090974e-01
-1.000000000000000000e+00
-1.000000000000000000e+00
3.766545929479704347e-01
-1.906835788937704113e-01
-1.600591612082624404e-01
1.000000000000000000e+00
4.626181863705105535e-01
-7.474265883680851486e-02
-8.907160115741774575e-01
-7.408109274591190285e-01
-1.000000000000000000e+00
4.725687432521654685e-01
-1.000000000000000000e+00
-3.167503762518686372e-01
6.019950068106030283e-01
-4.823983358501385821e-01
-1.247143859969197660e-01
9.363017149149571727e-01
1.657047396120225891e-02
5.860422103137286065e-02
4.589701512907811698e-01
-5.336713352521726961e-04
-1.000000000000000000e+00
1.000000000000000000e+00
-2.553635941551282151e-01
2.437748730570275246e-01
-4.002407906898198808e-01
-6.467096055471817095e-01
-6.275978327813653834e-01
1.685239473843154756e-01
-7.266376700365062558e-01
1.000000000000000000e+00
1.000000000000000000e+00
-4.246613222383405217e-01
2.806740556386967678e-02
-3.499432692883173712e-01
-1.000000000000000000e+00
-3.487093239905256770e-01
1.000000000000000000e+00
-1.000000000000000000e+00
-7.321068748151771111e-01
1.000000000000000000e+00
4.949569371396571604e-01
8.792257325418147973e-01
-1.000000000000000000e+00
2.459859130464826515e-01
-6.222675147793905737e-01
-1.942148392729255990e-01
-1.973571258186135324e-01
-6.393504142624325537e-01
1.000000000000000000e+00
3.469060892665133400e-01
7.683884822900285405e-01
-1.000000000000000000e+00
1.000000000000000000e+00
-3.985035184436919176e-01
-9.448240748282270562e-01
3.548648156403284015e-01
-7.642575563654024906e-01
4.067551169302392466e-01
-8.692070674647131567e-02
-3.651256610004792735e-01
-9.403830038750720099e-01
4.489114984245737294e-01
4.185839611336591437e-01
-1.000000000000000000e+00
1.000000000000000000e+00
9.863869485706975304e-01
-4.398635343140737675e-01
-7.978456149894621596e-01
-1.000000000000000000e+00
6.712748147422313849e-01
5.082712831127040864e-01
2.753048141744169897e-01
-5.323588891087975838e-01
1.000000000000000000e+00
1.000000000000000000e+00
9.563008403974699867e-01
-5.876243174310168405e-01
-8.416197288024733769e-01
-1.549052541272530892e-01
9.392392968452787372e-01
-7.138923617489711937e-01
7.959864833914472859e-01
-1.000000000000000000e+00
7.569962975289593055e-02
-9.856921412628145696e-01
1.000000000000000000e+00
1.000000000000000000e+00
5.703777625950821051e-01
-1.000000000000000000e+00
1.271288851918601082e-01
-9.362556336088042608e-01
-1.295111556964794186e-01
-1.000000000000000000e+00
7.133419542092871435e-01
-1.435495629439034471e-01
1.542616243453694969e-01
-5.482526879030097389e-01
8.443752317610474512e-01
2.671338183074216666e-01
2.042461854656015263e-01
-9.975081976812476547e-01
1.000000000000000000e+00
-6.579399495920088548e-01
-9.458225220847082948e-01
1.000000000000000000e+00
8.200055734591260581e-01
5.570556852260213354e-01
-7.174741428987372327e-01
-1.000000000000000000e+00
-1.000000000000000000e+00
8.686784782913978820e-01
1.000000000000000000e+00
