-1.000000000000000000e+00
-8.814616420694532106e-01
-1.000000000000000000e+00
4.586841768335558900e-01
4.384596976982412797e-01
1.806508679905290959e-01
-5.705301151131714210e-01
-4.711931076489352943e-01
9.497718459149208092e-01
1.000000000000000000e+00
-1.000000000000000000e+00
7.499105241367689523e-01
6.369074125458110691e-01
3.640682639711835256e-01
1.000000000000000000e+00
-5.417644101955024771e-01
2.807428779233756000e-01
-1.503632652444899520e-01
-7.625534964972888741e-01
9.017571145398595167e-02
8.800675848861705397e-02
1.782219559890080851e-01
-8.920969180401445708e-01
3.577384345259134735e-01
5.577609329946831007e-01
4.234127527204258334e-01
-1.000000000000000000e+00
-7.613974595484712671e-01
5.449454397040867093e-01
-3.457712277119148192e-01
-1.000000000000000000e+00
1.000000000000000000e+00
7.461812721556206895e-01
-6.565121462460917767e-01
-1.922681865423997716e-01
-4.999867926956260145e-01
-8.541260076544263113e-02
-4.676477592057777244e-01
7.412378452202059709e-01
5.333032565971207450e-01
1.000000000000000000e+00
-1.472535563653708524e-01
9.099945570811089901e-01
-3.999397897459918694e-01
8.235225430119795798e-01
-6.324375085734668112e-01
8.880949790367460572e-01
-9.038421825558269340e-01
-2.474645855477050072e-01
6.274638554339480312e-02
2.449417567795366679e-01
1.000000000000000000e+00
-1.000000000000000000e+00
1.310891668887332884e-01
1.000000000000000000e+00
1.000000000000000000e+00
6.473675070882420890e-01
1.000000000000000000e+00
-5.294409005973829130e-01
-4.335512188083284757e-02
3.094521736838761750e-01
8.291435572369472151e-01
-6.852498040863544970e-01
-4.914986954871408686e-01
-1.000000000000000000e+00
-6.785689053970016538e-01
6.990970916795975487e-01
-7.496426442048157446e-01
-1.886664516893085675e-01
-9.246755651435289991e-04
1.204753435648772131e-01
1.000000000000000000e+00
8.583529330869290597e-01
-6.754158667004206418e-01
-9.512230495153328746e-01
6.154427166031076757e-01
1.000000000000000000e+00
1.000000000000000000e+00
-7.402647563305215783e-01
-6.996291672916716831e-01
1.000000000000000000e+00
-1.758019183632874571e-01
-7.897178316828062927e-01
9.017227271193327676e-01
1.266391161061270199e-01
-7.993328508984895997e-01
1.000000000000000000e+00
1.000000000000000000e+00
3.798905059893032954e-01
1.277878290406972983e-01
-3.172145707344919963e-01
-7.995573896134051672e-01
4.422343776588377740e-01
9.188896770124133084e-01
-9.905725680242892794e-01
3.641103679209999333e-01
-1.000000000000000000e+00
-4.886143464152288285e-01
1.138760400894268943e-01
-1.497384751802832703e-02
4.664680934185521100e-01
8.375943715075097051e-01
-8.486729498786635961e-01
6.401411969101111765e-01
2.198783082771293973e-02
1.000000000000000000e+00
6.205413856371325698e-01
-7.645307311723228416e-01
7.031839438308185031e-02
-1.000000000000000000e+00
3.035928437959145576e-01
8.793043263730825343e-01
-7.123593326497108524e-01
1.000000000000000000e+00
1.000000000000000000e+00
5.007423849826909690e-01
5.467528619689707714e-01
-1.000000000000000000e+00
8.469752026361465624e-02
4.930315510278511781e-01
-1.058468197257401155e-01
-9.747294962073187463e-01
-1.000000000000000000e+00
4.166520598029957445e-01
1.000000000000000000e+00
4.960831258584071923e-01
1.000000000000000000e+00
-4.704610674119453773e-01
-4.850400620387875228e-01
-1.000000000000000000e+00
-4.376134392707397014e-01
1.358578106098470573e-01
3.292717665306641450e-01
-9.954320141569035219e-01
-1.000000000000000000e+00
-5.696678399035270957e-01
-1.523894918740119064e-01
-1.000000000000000000e+00
4.761581312208304495e-01
-1.292173932796044089e-01
1.000000000000000000e+00
8.906916090067062974e-01
1.000000000000000000e+00
-4.390035127367900580e-01
5.334915267677667328e-02
-9.955808139767775566e-01
9.524109900058035372e-01
5.340546843857659765e-01
-8.278889917507474827e-01
-6.030205841626474772e-01
-5.732182960890406243e-01
-2.041299464906766725e-01
6.896309896294414155e-02
-2.391374201668361454e-02
1.321812229659813931e-01
-2.520387621385777877e-02
-6.787726571889992622e-01
-1.391138055333500656e-01
-7.405383775564917670e-01
2.392971502449195986e-01
-9.328477323857226056e-02
-9.559673752418084147e-01
4.241537176333720627e-01
-1.000000000000000000e+00
9.098307735494470805e-01
-7.125987060926269878e-01
5.754379208372935040e-01
4.274196548197979895e-01
8.978808539433381641e-01
-1.000000000000000000e+00
-5.397371058531661436e-01
4.501325551623087673e-01
6.608648965236597617e-01
-6.699082769431963236e-02
9.389704718577509546e-01
1.000000000000000000e+00
-1.000000000000000000e+00
6.116354945830478895e-01
6.790412599927785342e-01
-6.489019768115802389e-01
1.000000000000000000e+00
9.646548556967995403e-01
3.194408538650409524e-01
-1.000000000000000000e+00
1.003435404001535997e-01
1.000000000000000000e+00
-1.000000000000000000e+00
1.406196755677135979e-02
-5.219642802221651223e-01
3.139020277785836699e-01
1.000000000000000000e+00
-1.000000000000000000e+00
3.280189952532031605e-01
-1.000000000000000000e+00
-9.884341327297846425e-02
-1.000000000000000000e+00
5.000276227334170542e-01
-9.707686091371345860e-01
-6.298329516969675135e-01
8.036295314262728029e-01
2.522723505195662574e-01
7.160585638077776593e-01
1.000000000000000000e+00
4.584963063782676596e-01
-3.189464297146557548e-01
-6.194271987060449014e-01
7.532960770830745556e-01
1.000000000000000000e+00
2.252151963273628654e-01
-9.277936235456192282e-01
-1.000000000000000000e+00
-3.625944332696017236e-01
6.767875901779846215e-01
2.316823346731404498e-01
1.000000000000000000e+00
1.036008992627713843e-01
2.632563321503997855e-01
-5.862866086778616426e-01
-6.847944869967136361e-01
5.475576080532573719e-01
-1.176933378335873748e-01
9.149003293462387720e-02
3.216004342890786960e-01
1.000000000000000000e+00
-7.875231504826873952e-01
6.937072895133050698e-02
7.883595813890376114e-02
6.467428784299069644e-01
1.000000000000000000e+00
2.332176645150269012e-02
8.598626425456390443e-01
4.774877664719457959e-01
6.052449875994240225e-01
-9.291896987345839021e-01
1.000000000000000000e+00
-1.000000000000000000e+00
-1.475649167367847348e-01
6.710116569823125765e-01
9.757194571142346895e-01
6.389945723472731931e-01
-1.000000000000000000e+00
-1.000000000000000000e+00
1.000000000000000000e+00
3.470187665047927972e-01
1.000000000000000000e+00
-9.589788680200630466e-01
-3.201333283545832464e-01
9.190858194270777881e-01
7.932476169660556131e-01
1.027400125905389150e-01
-1.000000000000000000e+00
-1.000000000000000000e+00
-1.000000000000000000e+00
-7.315940116432833040e-01
1.840459271004814545e-01
-7.995837592209299460e-01
1.000000000000000000e+00
-1.000000000000000000e+00
1.000000000000000000e+00
-6.829421504513634444e-03
-6.509483418429282686e-01
-4.383134415739196044e-01
8.516394740074322289e-01
1.493156996155811655e-01
6.711135263191352340e-01
