4.160460934681539658e-01
-7.872466913763130902e-01
-1.918016433810718624e-01
-1.079852728378032367e-01
-4.671538892281781319e-01
6.045164419039751325e-01
-6.412197654647820988e-01
-4.334506978171818181e-01
-4.999819205390765298e-02
3.392794369778862063e-01
7.121744765668961419e-01
6.522150903255672372e-01
8.833697040504437936e-01
1.496095139996760359e-01
5.513619250899863822e-01
-7.937419382927952682e-01
7.299597360826257653e-01
-6.534350543886263685e-01
6.863257719665049050e-01
9.405423706687339180e-01
3.922030662122200084e-01
-1.000000000000000000e+00
-7.770056742477553513e-01
3.275527484022984215e-01
8.867279391130946653e-01
-9.516384405933893120e-01
3.324420086792796436e-01
-4.058021847379535973e-01
-5.589694286766367926e-01
-6.402008799849343568e-01
7.569828831874629849e-01
-1.000000000000000000e+00
-3.443151697782276255e-01
5.260479527562043067e-01
-1.407223925310272516e-01
-2.015255640562909623e-01
-7.612132593339011599e-01
-1.000000000000000000e+00
-7.297455012582181322e-01
6.956369786354191787e-01
2.812279089485514305e-01
4.443770830266086797e-02
3.604536828115496583e-01
4.623034284102927050e-01
-8.335567234722680574e-01
2.702893115373328214e-02
2.291631912914663394e-01
2.915030525549560103e-01
-7.379848986561645674e-01
5.263957249135318150e-01
6.515647665273771594e-02
2.313507818445450503e-01
-1.016035976608185010e-01
7.085548000948982406e-01
-8.894537594094984456e-01
2.804022947108997244e-02
2.963502949390295349e-01
-6.535276459534153926e-01
-5.058966771036412791e-01
5.937628454861558769e-01
-6.780800018695949394e-01
3.321491403712759638e-01
3.175707787917508851e-01
5.203530068000674635e-01
1.000000000000000000e+00
5.632628467852470733e-01
1.967854798470023980e-01
-5.239112753705921222e-01
9.316424779103390508e-01
4.706413991399847063e-01
-4.858567690301596187e-02
-1.977150091835745971e-01
6.803177167591545338e-01
-7.280923680481676818e-01
5.051599970917703963e-01
7.430420883240158592e-01
-5.645711255554968222e-01
-5.565864912091627037e-01
7.441434479467190499e-02
-5.258953210986123672e-01
4.811163684826478271e-01
-9.867283458997595513e-01
-5.781475224089933640e-01
-2.088923283986958701e-01
-1.000000000000000000e+00
-1.500894792596083605e-01
-1.000000000000000000e+00
7.834658030551272523e-01
-6.202315905451709632e-01
6.097850106227182820e-01
1.000000000000000000e+00
-1.000000000000000000e+00
3.723686953845082859e-01
-1.642286989388139773e-01
1.090795890481086605e-01
3.413706022518938621e-01
9.165415832475860558e-01
-9.309409254590390592e-01
9.843129939221983982e-02
7.552192299442306300e-01
8.759113983030684114e-01
1.000000000000000000e+00
-9.368696185908653717e-02
-5.159339743993096583e-02
1.759729844461441761e-01
3.416027597068209687e-01
-5.044024589645769163e-01
-1.000000000000000000e+00
-5.210837657260081190e-01
-2.768495988836189303e-01
3.914565859533445380e-01
4.774435865121984257e-01
8.193140331913109087e-01
1.000000000000000000e+00
-7.463353382203550268e-01
-3.642759229488312656e-03
8.858713735592007588e-01
-4.182213619141224026e-01
5.900468538591603362e-01
6.198590005683020099e-01
5.060104503988352986e-01
-1.000000000000000000e+00
-7.687763491692753970e-01
-2.723694821086096174e-01
-5.776864162855168683e-01
-7.140150799974678275e-01
-8.528592874234355303e-01
-3.370085477658147366e-01
-5.700039015176807666e-01
2.878164173433985784e-01
-5.321475735573915067e-01
9.159785411106957653e-02
6.412010159146073196e-01
-4.456625593601386548e-01
-8.870368793224892023e-01
-6.471375597761781506e-01
-7.802661874092176042e-01
5.583156395331152488e-01
8.837138721437102218e-01
-7.424346760763198549e-01
9.327645555326948834e-01
-1.000000000000000000e+00
9.564206488560551556e-01
9.043701747577725936e-02
3.893338001669907067e-01
-2.129464448846185576e-02
9.324388376031145231e-01
6.957980511450270189e-01
1.000000000000000000e+00
-2.308428543923255472e-01
8.838626973118779429e-01
-1.000000000000000000e+00
-2.315598046842715085e-01
-2.115534688768547777e-01
-8.290692078822068378e-01
-8.887220831368602969e-01
-1.000000000000000000e+00
2.506657338005899849e-01
-6.544379521698489022e-01
-1.220495209285736848e-01
1.000000000000000000e+00
7.243180977252980934e-01
6.991335129997107156e-01
-6.530328312293525173e-01
-6.654637843462776203e-01
-4.717748180101848099e-02
2.866302899878570010e-01
5.312459653698395901e-01
6.334856936007969841e-01
-1.000000000000000000e+00
-7.359494497837341109e-01
-1.000000000000000000e+00
6.510719657531791604e-01
-1.222045751480860254e-02
1.000000000000000000e+00
-5.070733640658962038e-01
-2.879567092152528485e-01
6.255703288492187042e-02
-3.504444671444264525e-01
-1.277729376381264714e-03
7.585616645959142312e-01
7.531248590765677875e-01
-6.494359286531754538e-01
-1.000000000000000000e+00
8.461809179056991592e-01
-1.000000000000000000e+00
-1.000000000000000000e+00
7.947234065785417911e-01
-8.866813158530484351e-02
3.333240778013180639e-01
5.299824506085301090e-01
2.625844393760010664e-01
-3.342396695247187299e-01
-4.098275802215594066e-01
2.825515735597863287e-01
8.211934831075349273e-01
-5.934311316774794065e-01
-3.266054404730012184e-01
4.980249441675077549e-02
-1.000000000000000000e+00
2.501342699095461808e-01
9.498059585254794435e-01
-5.282453953278900549e-01
7.808407736890701223e-01
-8.492288104967200546e-01
-5.590418115185586956e-01
1.000000000000000000e+00
8.157036580950753901e-01
-7.775891974248339000e-01
-7.141028141387786299e-01
-8.164233860185650116e-01
6.499125528644145167e-01
4.228762257919798095e-01
7.374397886120753753e-01
-3.920281465366598495e-02
-2.043542701977500153e-01
-9.581403626143056851e-01
1.538388526793788014e-01
8.991870903778951263e-01
-1.183886616482825449e-01
2.117593055103335065e-01
2.684592188624269626e-01
-5.105707946709615586e-01
3.129765748170365569e-01
1.000000000000000000e+00
-4.440536024632366630e-01
5.128019093627308456e-01
-1.728250977899892238e-01
1.000000000000000000e+00
-5.012703144791402776e-01
-4.304723758335701200e-01
2.382276501800821844e-01
1.000000000000000000e+00
-5.988796389492709871e-01
1.000000000000000000e+00
-5.135103963468667931e-01
-2.717713693578052148e-01
-1.212329325119336776e-01
-2.148153235622283219e-01
-2.410827126945571663e-01
-3.294535822089739163e-01
-7.154186234778987519e-01
2.628675344542383829e-01
-7.300332291838507182e-02
1.278422934328820038e-01
2.059574097624896627e-01
4.192253315502516564e-01
1.532122112002349268e-01
-1.000000000000000000e+00
4.444167554472020498e-01
2.286792523776095543e-01
2.550928397661045288e-02
1.000000000000000000e+00
1.054796105981308241e-01
1.000000000000000000e+00
-8.104673876019459211e-01
-8.671384337704257650e-01
-7.924041930846408288e-01
8.523332513904989804e-01
-1.108204986036358530e-01
-1.287150731272754811e-01
-6.832000727969855802e-03
-1.499257348528851286e-01
4.293293199766744506e-01
1.000000000000000000e+00
