6.437626661498716540e-01
-9.548261293946516126e-01
-8.996388362228415758e-01
-4.503987833272946606e-01
1.000000000000000000e+00
-5.057225250896311142e-01
5.255056483417437363e-01
3.522114903458439250e-01
5.261054006349044077e-01
-1.787662945711590012e-01
-4.482304950472614236e-01
-2.398693488005058938e-02
2.858365210840370096e-01
9.920445382358078490e-01
-4.212896149857359163e-02
-5.716858675094443898e-01
-2.122937736343368798e-01
-5.435504791855172435e-02
2.848141251275029262e-01
9.967260068828187602e-01
5.878436099203097065e-01
4.535195399569914576e-01
2.309867721349527780e-01
9.936306205057768848e-01
-3.355478965010743053e-01
2.339811950738243107e-01
7.598706867819122746e-01
-5.255005951882558701e-01
1.904134807085489101e-01
5.696865942373701142e-01
-9.465428765608789874e-01
-3.423817517228651131e-01
9.563275887885851478e-01
1.802737719429994279e-01
-6.089752264187515696e-01
4.768204435332235036e-01
3.643809996095399573e-01
7.533598121885383136e-01
-3.630134721465085867e-01
-9.937092460645438052e-01
5.154376813881698105e-01
8.011160743940810569e-01
3.913375949885786742e-01
6.943782535472047268e-01
-7.991255397901524393e-01
2.316177401998318341e-01
4.680760850549813279e-01
6.174609683748724098e-01
8.150883440523541967e-01
4.355188720034566252e-01
-7.742576194147933188e-01
-8.135021661269088433e-01
-2.243311631683098106e-02
7.361865605150974545e-02
3.738019045285259079e-01
-2.376086834500203970e-01
2.205393013012568737e-01
-1.798160072960459654e-01
-5.039350128063538325e-02
-6.076379097229211990e-01
4.128603271177724299e-01
-6.285977677645842032e-01
-3.704044376653481407e-02
-3.514359943039938039e-02
-1.000000000000000000e+00
2.202986053209681216e-01
-9.657046180146244829e-01
-1.040359902403539816e-01
7.392969008813007337e-01
6.123035736030797427e-01
-5.105408877483654795e-01
2.459597869964108563e-01
5.460282196694439261e-01
9.824832007892225771e-01
-6.296076288827348044e-01
8.960532935708513946e-01
8.793649744915685851e-01
-6.207708392443200829e-02
-7.217834043075050943e-01
4.415621717637032706e-01
3.098131041305130506e-01
-8.205524394041920910e-01
1.000000000000000000e+00
-6.114272606626629525e-01
9.872331092587276480e-01
9.142897049107678864e-01
3.956111500405057324e-01
-5.463832833835930991e-01
-1.000000000000000000e+00
6.567364052049149414e-01
6.467613177923293710e-01
3.050492193694459009e-01
-1.593432797146079327e-01
3.552840202653368973e-01
-4.183642257021464861e-01
3.920564668578931933e-01
3.791680351461510501e-01
-6.385084772385836160e-01
-1.314108048939606199e-01
6.282357686400485974e-01
3.523750088248494006e-01
-9.717655188575546887e-01
-6.631672047035253037e-01
6.749403032709899719e-01
-6.415778852199538473e-01
-5.830079968040733362e-01
4.683651466152525256e-01
-2.421908506932093363e-01
-1.000000000000000000e+00
4.511344554437479726e-01
6.773111993473526216e-01
-6.865763324772846676e-01
9.263347926755360895e-02
2.273421261548584926e-01
-2.097415666159212488e-01
4.273635891662739272e-01
-1.747443314120793456e-01
4.641309198106911005e-01
-3.047542660344435550e-01
3.285404473679918169e-01
-8.989750165000187643e-02
1.827754099977800806e-01
-2.234547352734472803e-02
9.379913443844607457e-01
-4.219782451393643274e-01
4.215368141952187120e-01
-8.399575110087735830e-01
-7.771196358880707589e-01
6.890403438558689864e-01
7.842235381638467118e-01
-6.597825968728969759e-01
-1.000000000000000000e+00
-4.224094949565659896e-01
4.226082873226213454e-01
9.693733233417352047e-01
5.166317790326968584e-01
9.822387668888521439e-01
-7.150837148633799600e-01
-2.155186221833935711e-01
7.169514178178302277e-01
-4.593355927010618345e-01
-2.693557582210859280e-01
-3.965451520850065137e-01
3.511814771012597980e-01
2.996328020708691753e-01
8.038770580722636172e-01
-3.998226920045795385e-01
9.385237149978362670e-01
8.784694466037992200e-01
-8.974943462221027790e-01
-6.828673431571941066e-01
8.338988992029565672e-01
4.590504638054431208e-01
1.997585852956131891e-01
-9.359585703210049346e-02
-4.473781299463446270e-01
-1.000000000000000000e+00
-7.915157046734064838e-01
3.832334010976639060e-01
7.677827392398883788e-02
-3.977404756766822480e-01
4.520779027975345699e-01
-1.673915785150466573e-01
6.256064278361546105e-01
-6.543982910399064323e-01
8.506005501424054316e-01
-9.586238472530970167e-01
6.607820523223151277e-02
3.539586885407733918e-01
1.951738654863131028e-01
4.841697266500597507e-01
-1.000000000000000000e+00
-5.184056568594881398e-01
-6.393804927717516851e-01
9.991808155103192313e-01
-6.886093035339100332e-01
7.789036766763026698e-01
5.728421274150641285e-01
-5.809667976755823471e-01
-6.632778154902083667e-01
-3.653756775782612820e-01
-1.000000000000000000e+00
2.599431587274390609e-01
7.411839984196331166e-01
3.920752871273647244e-02
1.685776984973452741e-01
7.905071611138336785e-02
-1.462274529323850381e-01
-7.324276890856988853e-01
9.067360524979812819e-01
8.963035051834444822e-01
-5.445227386269413383e-02
-6.656012003020830292e-01
4.674018962279877787e-01
-8.865533572331996126e-02
1.000000000000000000e+00
2.999249345567704950e-01
-9.744002362366044334e-01
1.247224484321485249e-01
3.054322686207566750e-02
3.264400151030912856e-01
-4.266972249209726176e-01
1.000000000000000000e+00
-1.000000000000000000e+00
-7.858865966377228673e-01
-1.000000000000000000e+00
-5.572692062739266206e-01
-5.436692896337199654e-01
2.602471607734784254e-01
7.190313602533420223e-01
8.068916683031290837e-02
9.611309296965453441e-01
-2.546626049058406949e-01
7.084193407972561030e-01
-4.130314143777329416e-01
-3.154995177990094213e-02
5.690090170988557627e-01
9.506366499400089598e-01
7.376147598733984179e-01
5.200883053692353375e-01
-9.136874693851111395e-01
-8.234625921025311435e-01
-9.108663402423711197e-02
3.504216213068780394e-01
6.061175212494271936e-01
-9.430908612823942772e-01
-1.000000000000000000e+00
1.710890152646444839e-01
9.470508163363811072e-02
-7.626807408190856563e-01
7.879575710510942077e-01
7.000345385817721144e-01
-3.394295006645848822e-01
-1.683183681367372841e-01
-4.036065885701043410e-01
-8.541198540952830154e-01
6.816095893716800358e-01
4.250932251071983803e-01
-1.474252548006383945e-01
8.438712186631742718e-01
-7.679131329719690591e-01
-9.301371436231764545e-01
4.594397072635032497e-01
-4.811351968824970626e-01
9.512236395408544265e-01
7.521967713048338666e-02
-9.561804691602792117e-01
4.412630162418667013e-01
3.109929419829038366e-02
9.717205984971764021e-01
8.539254758618819441e-01
-5.819311861020337595e-01
4.153859973459659294e-01
1.000000000000000000e+00
-7.105835732228653612e-01
-5.438410127560810992e-01
-9.230838564179768557e-01
8.001026216322144613e-01
-3.783367947520573926e-01
-5.235161427216552532e-01
-8.036018775554868432e-01
4.996921143103700835e-01
-5.170471835978664998e-01
-4.022005715116374613e-01
-1.106233051064224870e-01
