9.551070390663845000e-01
9.974750418420830211e-01
2.869101213223788638e-01
-4.598784264225421747e-01
4.280467357890322400e-01
5.660544476774065359e-02
1.847940398024063846e-01
-8.340486968622111696e-01
9.412406112648095124e-01
-8.125954860657231826e-01
5.028915586406628169e-01
-1.470748238753694093e-01
3.893171665871517639e-01
8.578938184580024995e-01
-9.540767356124719711e-01
-1.887103288729834460e-01
7.281143942261898427e-01
-3.107935063319438029e-01
-4.167879354161214689e-01
3.423663230065583374e-01
6.103159991561550868e-01
-2.319794832097892279e-01
2.361761720093362715e-01
2.211565343818799878e-01
9.738531705361319624e-03
8.883925786817525871e-01
-7.697021587253327635e-01
7.579667675011698691e-01
-6.880418412763291691e-01
-6.687654218117236038e-01
-2.419603451409706452e-01
3.716159036841015784e-01
-6.955562741694232276e-01
1.200969565246106097e-01
5.934404250580118667e-01
-6.647828160656323870e-01
3.885942939126407758e-01
-9.102797928941150918e-01
-1.000000000000000000e+00
6.498772918611119831e-01
2.482390354607624250e-01
-6.728789721901162757e-02
-2.983795263513335794e-01
4.038778508367355524e-01
-7.302933530005236706e-01
5.723192263314116346e-01
-1.000000000000000000e+00
-5.270683246967020619e-01
1.561487255691207388e-01
9.900749458846105355e-01
5.154190515493193292e-01
1.712011048821451276e-01
2.738226286927352149e-01
3.952504096801889855e-01
-5.859268472029974806e-01
4.095060468012781119e-01
5.575120929349954846e-01
2.597565168589928142e-01
-1.906216742489277305e-01
-9.380713719472038026e-01
6.986455674171154762e-02
-3.851836220199024718e-01
7.757990732504045361e-01
-1.164151753766109465e-01
4.396929425757900578e-01
-1.192607441128758217e-01
-1.945752389339716615e-02
1.021772753398211275e-01
6.586956053353631990e-01
-8.042604308032050842e-01
-3.465085582944953391e-01
-1.864786633852342224e-01
8.365395771220172083e-01
1.000000000000000000e+00
-5.989408301116665445e-01
-5.041966824952608395e-01
6.706972723763460209e-01
-9.360959629645655422e-01
8.854441113551465570e-01
-8.625606175371951512e-01
4.703197684019395641e-01
-7.748501840132169249e-01
4.237150059190983864e-01
8.978021318832607456e-02
-3.413341741929865059e-02
-8.231906796963612827e-01
7.519064941230415577e-01
5.922127662952572091e-01
9.285098470265069626e-01
2.037689880624686811e-01
-9.844695910322123211e-01
4.811828268729581026e-01
5.295507725806702926e-01
-2.411258727248737355e-01
9.572712429763872155e-01
6.558642945313519768e-02
-3.281881172219514031e-01
-1.000000000000000000e+00
-9.365790697435982803e-01
-3.285135020102090131e-01
-3.559083193342822415e-01
-3.499105279777336985e-01
-1.910422363776265176e-01
2.021180443280976569e-01
4.372325082209349567e-01
-3.298805552405832398e-01
2.213912049453088393e-01
-4.888710135621026076e-01
-3.502539282182814961e-01
7.039359479258073815e-01
1.124243988369437730e-01
-2.209037534318385454e-01
7.183724730121192614e-01
7.346005604465914995e-01
-4.162234505270168139e-01
3.042013747381462352e-01
-4.965875940408465139e-01
3.447170684478131353e-01
2.287465376368533754e-01
-1.104932974391410472e-01
3.181963506286786814e-01
-4.611145766601070228e-01
1.000000000000000000e+00
-1.882949433239824444e-01
4.378122350259467943e-01
3.823368091448313688e-01
7.460948572951155988e-01
9.935700683928632149e-01
-6.634934140323389684e-01
-7.187250393989812469e-01
-6.841870943693966201e-01
4.276220821474583378e-01
-2.547228905140267452e-01
3.603431950364481828e-01
2.807595336633856853e-01
4.602164622639484115e-01
-9.086043523692086676e-01
-1.000000000000000000e+00
3.124843914868138395e-01
-4.615841648178937717e-01
3.110229678925653385e-01
9.415592967168684435e-01
-4.850682945762452292e-02
-6.952819857615644139e-03
5.371418702757690955e-01
-4.688456561442539972e-01
3.599684627330010933e-01
-1.894471601122256210e-01
8.902626287075723344e-01
-4.493359778886416578e-01
1.302303691877028380e-02
4.902832629968798539e-01
-1.387836600333474113e-01
-1.459441522511646383e-01
3.382330964973030429e-01
1.897840565987258810e-01
-6.062272264574830594e-01
9.642418882419343529e-01
-3.641134134685299895e-01
3.951012498628982961e-01
-7.850648368327639570e-01
4.767149081595398741e-01
3.331965119576161261e-01
2.809873193850198625e-01
-6.596486287960212636e-01
9.051538448589770969e-01
-7.750728943912248425e-01
4.072184451966613938e-01
2.248772925749933371e-01
5.604019145658474255e-01
2.942071976992677307e-01
-8.437129802064122774e-01
-6.052626652385695305e-01
-3.493216938732552901e-01
-1.153611174556181673e-01
3.802168089731470246e-01
5.034943453623651477e-01
-6.541112044421739657e-01
-7.259564299869398774e-01
2.773772836833483524e-01
8.659621840729290199e-01
4.160723261198071565e-01
1.686595944092896815e-01
7.097338613534500684e-01
8.917564114501115302e-01
2.900362729073813206e-02
-7.995943656301052194e-02
-2.593344665146113392e-01
2.885728726514686926e-01
8.674619672232595224e-01
-7.502797801520186827e-01
-5.848784628767513816e-01
-3.216098520720844789e-02
-3.393556927189802508e-01
8.336685131839272067e-02
-9.643462213038825892e-01
1.244372521058585424e-01
4.481262035964705959e-02
6.814317493432535677e-01
-6.559545922289686803e-01
-3.482470801852721731e-02
8.214764597133903390e-01
4.528529724243282040e-01
-7.210012318102847484e-01
5.085756609884568569e-01
-5.450114723850596476e-04
-6.890950547711216512e-01
-1.065515671368026940e-01
1.932889683106011613e-01
6.721603623952516759e-01
-2.366270703056867486e-01
-7.091555147302754936e-01
3.179226094946261405e-01
9.176011679073470262e-01
1.000000000000000000e+00
4.467204693644901692e-01
8.220438430827976539e-01
9.834186606400578956e-01
-7.635859452151660953e-02
4.123637410100899903e-01
5.561601824289470475e-01
-6.009298274827148401e-01
-3.126079598478204158e-01
-2.450406521644347135e-01
1.454927818086004798e-02
-7.256887756614804896e-01
1.695230940640184425e-01
-7.836729931912362890e-01
8.212187495663827441e-01
2.224198045710579219e-01
5.390594487343033370e-01
1.670313602240747208e-02
9.607519495151525812e-02
-3.762904339795425379e-02
-7.875681525451811993e-01
-9.301199765297041289e-01
3.560143620334821346e-01
7.456533496778867676e-01
4.407638579008965607e-01
-4.533997501101310057e-01
-3.222565066880209717e-01
8.817348592471224711e-02
-2.636870821146619637e-01
7.516493025855702781e-01
5.604460219931923781e-01
7.650567291680934190e-01
-9.686023035830868544e-01
-4.859561828759791924e-01
4.246677939977216987e-02
-6.021426693752747195e-01
5.787752279772455655e-01
-9.200111936877614083e-01
9.838351232837476701e-01
3.012976357599841393e-01
6.024941831245071988e-01
-2.709071202983726057e-01
6.142324010407267387e-01
-4.679224040510479021e-01
-9.839892440995545719e-01
2.821950965542927570e-01
-7.448226653464766756e-01
1.605335140292342699e-01
6.735195791917774066e-01
4.435947364908972013e-01
6.817028076864142250e-01
