5.757332478923324892e-01
-1.742792984463816808e-01
9.233187901430026656e-01
-1.722404728829700638e-01
3.896584800722784347e-01
3.003286758800995937e-01
-3.663582673682563851e-01
9.141798268233978231e-01
-3.667712646144509758e-01
-1.477229019941608268e-01
8.998776431804123010e-01
-9.153656345454219689e-01
7.780938695795747151e-01
8.587020589427121209e-01
-9.210640800059520794e-01
-6.264723508194045554e-01
-2.769973004497494617e-01
2.238752954658991268e-01
-3.746987432907658011e-01
-6.456507852483004406e-01
3.379300149923714081e-01
6.466925918369519355e-01
7.894375168418104050e-01
-2.146915789453212042e-01
-3.408388371748229950e-01
1.175480647434659076e-01
-6.511745384739362486e-01
-5.791943956904617163e-01
1.682919143991938871e-01
-7.329559948460151464e-01
3.328239102468584232e-01
4.510032032338655572e-01
-6.120571849623046568e-02
2.998626096567371668e-01
3.059517358326058201e-02
3.467988147187628378e-01
1.347911548348588173e-01
3.274902133268038362e-01
-9.018203550495431653e-01
8.550445382704403574e-01
5.452133908227012604e-01
5.140938455167987087e-02
9.954829637901554396e-01
6.271114519462717141e-04
9.826622993342948309e-01
1.452171129650277059e-01
1.002277563572688823e-01
-3.827926893302528999e-01
-5.020257793203521945e-01
7.182998480594515733e-02
-6.481355885549937579e-01
6.503147050520845518e-01
-5.079551045467476378e-01
-1.736955430712883164e-02
-9.845242330538159781e-01
9.237921163059066298e-01
-5.245588798898885852e-01
-1.789191071041740244e-02
8.108790007682455947e-01
-7.661897522278400263e-01
1.848976256176109167e-01
-4.440214772317252478e-01
3.884124236313235556e-02
2.124054563417969721e-01
5.736810332709452176e-02
8.012164538934296587e-01
8.258398233800350319e-01
-7.668884200576555621e-01
-4.868959096181544322e-01
9.909721854925508389e-01
-8.910458649802666109e-02
5.462851602045851740e-01
-5.131138634014187350e-01
4.709778812575737827e-01
9.373424091749273934e-01
9.410014762128868782e-01
-7.234449704564784867e-01
7.605931780078334370e-02
7.578062679633705834e-01
1.426598728820709372e-01
9.488611398320636603e-01
-9.865629260980042226e-01
3.998702961812365952e-01
6.538220406161345810e-01
5.322403525000263258e-02
-1.815834723864175881e-01
1.425387219614684398e-01
4.478468419781422849e-01
-9.778867981295613632e-02
7.248637952500560644e-01
-1.611554940497270660e-01
-3.271045620912400587e-01
1.867181554389760745e-01
-8.221256338431561783e-01
-1.000000000000000000e+00
-6.987041289742368377e-03
-6.685834070364942150e-01
9.332312664545208136e-01
3.664839074672670005e-01
-4.467489339432517692e-01
-9.916410896097322958e-01
9.891153800966299148e-01
3.364018579231933259e-01
-3.520650247999912441e-01
-8.131063923355386081e-02
5.946067215875010525e-01
-9.710849253504902912e-01
-8.277478405964566743e-01
9.815070185420322613e-01
-2.839589070701320495e-01
5.174067320027089245e-01
3.578555713892428436e-02
4.579133818390075383e-01
-9.028847688513610414e-01
-4.728100753511113030e-01
2.687196428308349372e-01
4.345962014119224559e-01
-4.676858248343751523e-01
-9.607217162261272314e-02
-1.651416818928492791e-01
6.800389090059666408e-02
-9.667885519784793491e-01
4.087876303879964812e-01
-1.503707378390326532e-01
7.888146492432086543e-01
-2.907833797539500775e-01
8.907853587282907881e-01
8.885474334121510331e-01
-8.469763067592861461e-01
7.667521239921899490e-01
-6.132005091664012308e-01
3.908233906627327503e-01
-8.536530394633732310e-01
-4.532764302520104760e-01
-6.792226155427480982e-01
3.358486623394776327e-01
2.999400881512395145e-01
-1.591510662734314518e-01
-7.246873147361176937e-02
3.060063109438675433e-01
4.976114482975204645e-01
1.477936273780926513e-01
-7.784824916353039193e-01
1.785278948568014279e-01
7.815593546468180275e-01
4.812236023486178293e-01
-1.623491840250963492e-01
3.533632716689756315e-01
-1.568171318485429566e-01
-9.470961132098052460e-01
4.206916440744110641e-01
1.219691050335729443e-01
2.769028952260188525e-02
-1.396923542683781161e-01
3.026198588120223576e-01
-9.047963228179654038e-01
2.948209066710278936e-01
5.500708156190102782e-01
-3.949486209441277484e-01
8.828415552361170704e-01
6.384533663322411456e-01
-2.927001981033556799e-01
-9.090868740436686135e-01
2.229494163765313175e-01
4.788621852701293591e-01
-3.505863875113550687e-01
8.599691935769786522e-01
-4.417717877898408307e-01
4.174411642055810834e-01
-9.756853861180101450e-01
-4.029100445632378680e-01
7.762413455852912314e-02
-4.949925475382030982e-01
4.894071509529926978e-01
1.000000000000000000e+00
-6.287141198221907201e-01
-5.615665489874388516e-01
4.019273621257302143e-01
-1.412011508586030750e-02
3.516422486769374967e-01
5.112379453753288505e-01
-3.162767483628527998e-01
-3.141969852312819222e-01
-4.738617332900258994e-01
-5.963976181479915262e-01
-3.987877553490621896e-01
-7.423992194840827175e-01
-9.193560364834212351e-01
-7.994377369855170112e-01
3.975355610879776069e-01
2.854212152673221148e-01
1.247811758350834133e-01
-4.509485441589657917e-01
7.635047528756766511e-03
3.376348594914253542e-01
7.476205988749424769e-01
-3.205441845773644438e-01
-1.278204204389226106e-01
-6.492428949634307944e-01
-2.083591744503232590e-03
4.281266505873544403e-01
6.066316917571656919e-01
-4.383038953429574391e-01
-2.265840872376434501e-01
-3.596228638315857040e-02
-5.538101431169482058e-01
2.382745861450887848e-01
9.490670150668867322e-01
-9.150998902047307038e-01
1.902101496077637233e-01
-7.416276031763615606e-01
-4.565754782300601722e-01
-5.857907542000808654e-01
-6.325374101080341038e-01
-6.948593664803490721e-01
-6.345783561110693860e-01
5.335879802246534798e-01
9.275537562343174613e-01
5.288092758908666813e-01
4.466533095766946904e-01
-3.261477837638004917e-01
6.243099920709558326e-01
-6.156104984651049605e-01
-7.872237239759405369e-02
6.988996225791779260e-01
-5.397844868351131531e-01
-1.336931382789976475e-01
-4.269451543897979651e-01
3.568449202108783247e-01
5.425699049184737888e-01
-8.406340870600697013e-01
1.384318802597723774e-01
-1.053440297346330823e-02
1.782255681186357688e-01
-2.403896065414081740e-01
-6.532039270120306718e-01
7.359406477552266068e-01
6.270390213909238231e-01
-1.094876664426369661e-01
6.484615532955324557e-01
-3.090722519922033396e-01
2.207314562480777731e-02
1.634552701590450408e-01
8.471944211102981903e-01
3.826108753436516796e-01
-7.111120264373482769e-02
-5.874629193826184093e-01
-1.616420584338948974e-01
6.342216685790846853e-01
4.829064418639350542e-02
6.895999529246488180e-02
-6.842971083040017000e-01
8.275148859541716639e-01
-1.791401412689455075e-01
-3.874014200991078294e-01
1.533789988226355039e-01
-6.542306710390080049e-01
3.017564140184629817e-01
6.284455204308836418e-01
9.338272751413758677e-01
7.857575483388719029e-01
-6.601127347177437876e-01
8.703538400691512855e-02
-1.233895748630258193e-01
-2.738781523793816230e-01
