7.558321030761441239e-01
-1.489167257837726438e-02
-8.821914346558479281e-01
7.217493940095536242e-01
-7.799777633790596632e-01
-2.033348242739383138e-01
-2.071615079769177914e-01
-1.000000000000000000e+00
-9.743822627118855495e-01
-8.008304726812220942e-01
-1.000000000000000000e+00
1.000000000000000000e+00
-3.487214900769243231e-01
6.241912305562747898e-01
7.244376505411731504e-01
8.097952730783795072e-01
-9.070673784537314210e-01
-8.216346763296888955e-01
-1.466294612288878696e-01
5.483039183002309525e-01
1.000000000000000000e+00
1.809305034448022154e-01
-3.472167676824080562e-01
1.000000000000000000e+00
-1.000000000000000000e+00
5.433356167047597163e-01
8.877719912580985806e-01
-7.982247618553595103e-02
-1.899920286915188217e-01
-3.216434657513082551e-01
5.930277310325984264e-01
1.000000000000000000e+00
1.000000000000000000e+00
2.767154113844932928e-01
-9.236919188271420778e-01
7.113373799189612878e-01
-2.590719742388889468e-01
9.224417042561834368e-01
-1.714097324380632337e-01
-1.000000000000000000e+00
7.866992426500833968e-01
-9.792379299811170279e-01
6.278966671613595008e-01
-1.000000000000000000e+00
8.923505689073124580e-01
3.996431022396293997e-01
-5.092042234085800700e-01
-3.059705604451410377e-01
4.732300117615069746e-01
-3.501777961830038199e-02
1.000000000000000000e+00
-1.000000000000000000e+00
-2.536118279546571985e-01
-1.000000000000000000e+00
-2.114647886843945557e-01
9.062029795284146649e-01
5.278715526307514727e-02
-6.681190767574083367e-01
3.609314911759383682e-01
1.000000000000000000e+00
1.153792252511689487e-01
1.573639609076063484e-01
-3.321946472327918509e-01
5.784854771178764565e-01
2.298348682547591837e-01
4.100722153688003968e-01
3.519428055067056471e-01
-1.157493376684983755e-01
8.690603408938764041e-01
-8.394408642734370041e-01
-2.800880623066392960e-01
4.443151845124948540e-03
1.000000000000000000e+00
3.088000390084728597e-01
1.000000000000000000e+00
7.337107986860157416e-01
-6.273831518452084310e-01
-1.000000000000000000e+00
-8.597622272815614863e-01
9.369957616997144356e-01
-6.849178038893533049e-02
-8.703089177025554735e-01
-1.000000000000000000e+00
3.017291568676766511e-01
-2.265171693192277180e-01
7.857227392105526897e-01
-1.000000000000000000e+00
4.736907895651205624e-01
-4.738280300877996121e-01
1.000000000000000000e+00
-8.662066929795586567e-02
-1.000000000000000000e+00
6.959920943730573129e-01
1.596252312048580535e-01
1.828633035591777922e-01
-2.301797136485963235e-01
-7.039555718081726976e-01
-8.948520807397887245e-01
5.800245907489488539e-01
-2.781400197547689856e-01
9.320211183165431068e-01
2.873008707973850329e-01
1.000000000000000000e+00
5.152766401963988496e-01
-1.000000000000000000e+00
-6.652410876630332481e-01
4.645842253668606703e-01
5.130024639866890279e-01
-1.601011476053885441e-01
1.000000000000000000e+00
-9.421639061830755502e-01
-7.643800029600790191e-01
-7.902429214650878719e-02
4.811540726612114627e-01
8.502117608677814964e-01
1.000000000000000000e+00
1.000000000000000000e+00
-4.566066844893954535e-01
5.467668459588779228e-01
3.410857550829377027e-01
7.641010758724980922e-02
1.674494040685271801e-01
-1.000000000000000000e+00
9.286906778811218066e-01
-1.000000000000000000e+00
-1.209358651199357593e-02
2.553600689255204892e-01
-4.041601495510740438e-01
-5.148765750913582018e-01
6.681210727411042438e-02
-1.000000000000000000e+00
-1.000000000000000000e+00
8.446258487805502480e-02
8.757936047831342830e-01
1.469664610324113996e-01
-3.818751079947224625e-01
4.106390697031210291e-01
9.159744719987922279e-01
-9.095017648578861413e-01
4.082859584674007891e-01
4.700697542812399821e-01
6.659861950633836347e-01
1.311117789895510644e-02
8.847783573163948700e-01
-1.000000000000000000e+00
2.278074186300382831e-01
-2.216283952373110377e-01
7.007241687364252902e-01
-2.404620654814833003e-01
-6.321533184494195767e-01
-3.146607289793043050e-01
8.059015358109686833e-01
1.246940300694343584e-02
-1.000000000000000000e+00
1.000000000000000000e+00
5.406638362041406021e-01
-5.551431318444850493e-01
-6.188350669973565754e-01
7.937215521877429847e-01
-1.000000000000000000e+00
1.000000000000000000e+00
6.094535356573476115e-01
-1.000000000000000000e+00
-2.909264973305764057e-02
1.000000000000000000e+00
6.242122738509603419e-03
-2.381849483472406881e-01
1.020670586287975579e-01
2.465135223548368115e-01
-5.165499731916952664e-01
1.000000000000000000e+00
2.138487015967865668e-01
4.936308375698484352e-01
6.490304085054769967e-01
1.000000000000000000e+00
-8.772755908023960325e-02
1.000000000000000000e+00
8.558300570591703682e-01
-1.000000000000000000e+00
4.334870070018957411e-01
7.116883603450114837e-01
-1.000000000000000000e+00
9.295569831347050282e-02
1.000000000000000000e+00
8.825896330949611901e-02
1.000000000000000000e+00
-1.000000000000000000e+00
5.081774744211727812e-01
-1.752931625573747043e-01
-1.000000000000000000e+00
-4.568384574808267984e-01
-8.290718537457505422e-01
-8.581624138616640307e-01
-5.931331271922889448e-01
-1.000000000000000000e+00
8.152322238821310130e-01
5.482153525418866913e-01
3.026293919258534748e-01
1.000000000000000000e+00
1.000000000000000000e+00
1.000000000000000000e+00
6.971575266656381276e-01
3.977171631240417060e-01
1.756456253166116532e-02
-1.000000000000000000e+00
-1.752969304968726716e-01
-8.268252514977878498e-01
1.000000000000000000e+00
8.071054277634961416e-01
-2.470016282201338287e-01
-6.791773719937447273e-01
6.239518127065003528e-01
9.558239246455395577e-01
-4.575399118604425164e-01
-1.000000000000000000e+00
-1.000000000000000000e+00
-7.498349293283219641e-01
1.000000000000000000e+00
1.000000000000000000e+00
-9.169713341368423976e-01
1.000000000000000000e+00
-1.246609628812704873e-01
-1.000000000000000000e+00
4.812630914335929155e-01
-7.827806262757519562e-02
-8.597861155024307811e-01
1.583555945584447233e-02
7.833215069131416186e-02
-2.966348868758613699e-01
-7.734720781527548716e-01
7.408285563917815786e-02
1.000000000000000000e+00
1.000000000000000000e+00
1.000000000000000000e+00
1.000000000000000000e+00
8.730033093242961506e-01
5.924324166964882732e-01
-3.295886444197106413e-01
-2.638043648126986440e-02
7.398917843096919356e-01
-1.000000000000000000e+00
-7.514805686966564702e-01
-1.000000000000000000e+00
1.000000000000000000e+00
6.772467884925118531e-01
3.340607005118689243e-01
-1.000000000000000000e+00
3.646881767803369923e-01
9.209038183951027134e-01
9.196918321242139038e-01
-1.000000000000000000e+00
-1.766998104263446390e-01
8.599061428000378537e-01
-2.791468444303848440e-01
6.479318645831912971e-01
8.718257911059697218e-02
-9.613256388796309615e-01
-5.629994174828398812e-01
9.226144543331493697e-02
-4.014872218383747082e-02
-1.000000000000000000e+00
3.390206101460519483e-01
-6.273408293696997040e-02
1.000000000000000000e+00
-3.091384496651757852e-01
