8.228705076764737392e-01
-6.297173078540645452e-01
-7.688791245312591727e-01
2.101849218920526230e-01
9.013006839583184160e-01
-4.018168831311255129e-01
-5.792124015020425620e-01
-5.706891794916537641e-01
-6.110834461909135928e-01
3.766094551607284124e-01
-6.057222216799016401e-01
3.288435567360670220e-01
-7.815104733972306761e-01
-8.886773348691250352e-01
5.794782639174882455e-01
-3.728572385471632389e-01
8.275716461401037005e-01
-8.419816451475681252e-01
3.158104676162984958e-01
2.156492861165784092e-01
3.684604136490825521e-01
-6.433490386227243008e-01
3.790634010763449524e-02
6.202541278034701122e-01
-2.430752418411854521e-01
7.712027585762692983e-01
-4.742238900693576120e-01
-1.261461518826991757e-01
5.098187335131931786e-01
-3.001857078988121597e-01
-3.333270489645738799e-01
4.875917045185249599e-01
-1.368155197848714977e-01
6.528290878800109276e-01
-5.383593557655275141e-01
7.051121370492219320e-02
-1.664391998744381151e-01
-8.214756540297361020e-01
-2.682942745048404465e-01
-5.942363782767172697e-01
-5.365491626902239020e-01
-8.477766533258519477e-01
-3.159774218531172796e-01
5.805540107529760796e-01
6.334930865880177286e-01
5.974039686233694191e-01
-4.091686333650057517e-02
-4.840426525916983191e-01
-1.000000000000000000e+00
2.677126144359212034e-01
-4.182391151412661046e-01
-1.143615717741930382e-02
7.687564287272787844e-01
9.897931351707223158e-01
2.908299836982006781e-01
5.782928134715958901e-02
5.343660993077850030e-01
1.120781165057602724e-01
-9.436543303996309806e-01
2.510828520058900892e-01
-3.168485409718824197e-01
-2.510535392888748607e-01
6.091575113619276394e-01
-7.784625666995610427e-01
4.247187732924806447e-02
-9.841914797864113051e-01
-3.507234672833245970e-01
7.862472812735277206e-01
-6.437756990251768396e-01
1.000000000000000000e+00
-9.626573813109249311e-01
4.061369271551038551e-01
-6.149529233926998018e-02
-9.811043196085651452e-01
3.380213671087735072e-01
-1.253575265691475593e-01
-4.552224291603739204e-01
-1.000000000000000000e+00
1.044401479782632869e-01
-4.893575097116849015e-01
-2.946021525354631798e-01
7.417788582859128343e-01
-7.594907270473088001e-01
5.414605715639602135e-01
-6.211660843671333865e-01
-2.306249580851009728e-01
-6.594470962604350728e-01
-1.549461365667044177e-01
4.233166976341040666e-01
4.320757516781741359e-01
-5.124723103348631792e-01
1.750989458378932051e-02
-7.951335994138761798e-01
-1.244627055921174730e-01
3.359658529004910799e-01
-3.280294689886666948e-01
9.345921780696595516e-01
1.230083116428043605e-01
6.030562973660449355e-01
-4.918503560988514156e-01
-8.732046347305675305e-01
3.322425258279382287e-01
-6.927145257154134761e-01
-2.570130875526077663e-01
-3.509510169163305715e-01
8.286753839371685526e-01
-1.177391020167910529e-01
3.560683355881548717e-01
-1.799033405690675380e-01
-8.210277429367132118e-01
5.545702179347098415e-01
-6.129098660387746200e-01
-3.944997533552891955e-01
8.943920493668402472e-01
6.330930361364472958e-01
-9.193691454925250195e-01
9.335699994298156668e-01
-8.835619107614238743e-01
5.036719907068416546e-01
-3.249560053571629581e-01
3.350042251320124453e-01
7.124740439366825662e-01
-4.614159166430777947e-01
1.000000000000000000e+00
5.365885758442701103e-02
-5.455533061787107840e-01
1.010791817388416725e-01
-7.344928049418322225e-01
-1.593624688168016057e-01
-5.517840050672009333e-01
-8.413512325037841855e-02
2.893131291213706380e-01
-6.579747548580228145e-01
6.647237808666681680e-01
-2.027632160933843242e-01
-9.525640726481077181e-02
1.000000000000000000e+00
-9.145536704969750019e-01
3.915727932284869262e-01
8.092588292717006748e-01
-5.891784205650134609e-01
1.652199233192795658e-02
-9.036915004967320808e-01
2.257833428815785304e-01
6.728646628455750567e-02
4.011480495263808344e-01
3.056744137416516072e-01
3.242467778524993349e-01
-5.022223237531040496e-01
-1.631160845130354975e-01
-6.564180078695578402e-01
2.384520523385758040e-02
-6.368287481417904683e-01
-1.946135430694875268e-01
-7.216166139495816534e-01
-8.508944334018551103e-01
3.799135510852036379e-01
-4.673896265298742581e-01
6.813481916505328417e-01
9.794748919878504267e-01
-4.401609362303711137e-01
8.535501929703948054e-01
7.261218094495136555e-01
5.477684235789608280e-01
-3.243398137127886383e-01
-4.593301147516548610e-03
9.614876192671528710e-01
9.122586552733094600e-02
-8.291597302565469896e-01
7.717994072105314185e-01
-9.529487496761925858e-01
-1.000000000000000000e+00
8.010184692865964795e-01
-5.210037245767058511e-01
5.086652441070231845e-01
-2.186877255832739286e-02
6.895732870996909569e-02
-9.668425978565391432e-01
2.579147070081158066e-01
-3.248216642374981422e-01
6.021670142016888327e-01
8.040602273128982791e-01
3.385690254168227664e-01
-7.647172421645418439e-01
-7.779509247182159193e-02
1.727150624485331853e-01
7.682889032329467405e-01
-7.536252947405230884e-03
-1.138104916846165438e-01
1.000000000000000000e+00
-5.480867856148388118e-01
7.772369627105097933e-01
6.139760822735467194e-01
-5.680704387186350512e-01
5.322915678680779639e-01
6.169360869045146245e-01
-1.872720813847341681e-01
-1.598554522265658306e-01
-8.918629507221009778e-02
-7.277013948661168463e-01
2.529613957052938567e-01
-7.045385345473342831e-02
-7.643608343537029448e-01
-9.603458936630857590e-01
-9.848699199177015640e-01
-3.394268962951714208e-01
8.561079831092726078e-01
1.844547110478154117e-01
-8.491375138713099791e-01
-7.878441949554033652e-01
-9.051036257246216632e-01
4.400070075851736373e-01
-2.210698261168095868e-01
1.891909858404798861e-01
9.341009652668423868e-01
-5.196891994079564370e-01
-7.634314998590998602e-01
5.997027745970706647e-02
-4.419803570064348985e-01
1.724430503694291961e-01
-1.000000000000000000e+00
-9.738949672901653365e-02
-5.180289646877183074e-01
9.764919345514024851e-01
1.424168525294005061e-01
4.571093268047758951e-01
8.790929448733579843e-01
-5.482614556397864547e-01
-9.174341922745031797e-01
6.759264056502138907e-01
-6.416439442180015273e-01
-3.755811508626742956e-01
1.021694559743386854e-01
-2.158069584528445883e-01
4.751942502846691063e-01
-9.883232975672509024e-01
-9.926416682993324248e-01
7.983636303539232149e-01
-7.194132694179051768e-01
7.414082710518603569e-01
-8.446524810458955201e-01
-2.667552233151397889e-01
4.460755551254849127e-01
1.686721230729655574e-01
9.348205056059699647e-01
-3.283850531168286402e-01
9.730337990791129155e-01
6.244085059565236406e-01
2.477756279331984057e-01
-4.309743389723805773e-01
-3.200615326518940762e-01
1.681107314343543990e-02
-2.045062704554447830e-01
5.596157800979462138e-02
1.058752959613404876e-01
-4.580878334176761157e-01
-1.000000000000000000e+00
-4.362686062753813321e-01
9.615856745638102776e-01
-6.444986502878138346e-01
-5.589990817134753431e-01
-3.892183708566443467e-01
-3.060802813341640949e-01
3.460485037699445598e-02
8.757234252534684682e-01
