-6.421829883979948139e-01
-2.241314459677306026e-01
-6.228608216739011105e-01
-7.729359228904801871e-01
5.227943553290421708e-01
8.108312187140171989e-01
3.312814436003539420e-01
8.089270660423244497e-01
3.576712875420950954e-01
8.964034679236085879e-01
-3.443977908760382789e-01
2.270580228028338254e-01
8.651401362386554883e-01
-7.157058219629406359e-01
-6.895003922221619730e-01
2.065345715871913512e-03
4.523170979702837435e-01
9.578235897205251703e-01
-7.567096695074043700e-01
3.990664464150928126e-01
-3.178714786886358556e-01
7.375966444756552054e-01
-4.860922921082344028e-01
6.506156864610357360e-02
-7.338495822812685088e-01
-4.865031674844690901e-01
-8.112675804865803197e-01
8.822143962469930489e-01
-7.642469582769433334e-01
-2.467947918438474775e-01
-6.928591334260166823e-01
4.870670979080884422e-01
4.662267328074414241e-01
9.573892671566643919e-01
-1.000000000000000000e+00
1.545908417656656209e-01
-6.434589104594314879e-01
-1.262888183802017839e-01
1.000000000000000000e+00
-2.070015674663994165e-01
8.734633925232084817e-01
-8.329894392201782072e-01
8.971673116618810173e-01
-5.054148120309571723e-01
7.247578333288946517e-01
-8.706275130911741433e-01
-6.617956800390731864e-01
-9.485549578678036386e-01
3.121490780211124694e-01
8.850661690886112432e-01
3.265497992793795490e-01
-5.195323535846835261e-01
3.394262909527585581e-01
4.572398700035640307e-01
-5.369589854712333299e-01
7.976357709418452346e-02
-7.883061958702708427e-01
6.605601025535373649e-02
5.853278043180420998e-01
-9.846302576647598670e-01
-2.241033023505728528e-01
-2.980161345417748908e-01
-2.399055623040153851e-01
4.179640558969874853e-01
-9.699617247608249837e-01
1.698291994030509677e-02
3.252682793170584841e-01
5.290534712489867175e-01
-4.789376645012463074e-01
7.950768312490215095e-01
-3.276990369196006725e-01
1.494361161539289329e-01
-9.924633252628856095e-01
-4.399899779573035463e-01
6.360420010393641466e-02
5.850370824167689943e-01
9.090031202523611853e-01
9.585440475231954416e-01
-4.096424349896723438e-01
1.000000000000000000e+00
8.325107503258695196e-01
-6.739223397293609974e-01
1.000000000000000000e+00
-5.129872480844904770e-01
-1.000000000000000000e+00
-8.167087465841555982e-01
1.184804099380060149e-01
1.000000000000000000e+00
9.321811285678009984e-01
5.979500909321540103e-01
3.848055215783245941e-01
-1.000000000000000000e+00
-2.335401042238658131e-01
-2.916839130905357624e-01
1.000000000000000000e+00
5.375111532363714417e-01
1.512161916286023366e-01
-7.440862643433401313e-01
-6.017716299484014986e-01
1.000000000000000000e+00
-5.322306485232752848e-01
-1.466471582034654109e-01
-7.930918790999139656e-01
6.870446005813639623e-01
2.922155447957435204e-01
1.404554998164770918e-01
4.007379471035307783e-01
-5.993383356227088843e-01
-8.210616438325147870e-01
-8.139120650189513029e-02
-2.431180512230640689e-02
9.740997220408855739e-01
-3.673069845429859370e-01
-8.783705924812010846e-01
-1.822799460557282814e-01
5.739073968737524734e-01
3.031038978385101057e-01
-6.719960702493835702e-01
1.000000000000000000e+00
-3.381967901688249789e-01
7.220289571301634624e-01
-4.531769457517065280e-01
2.081733010604853717e-01
-1.578249790493588822e-01
7.423681543677216332e-01
-1.000000000000000000e+00
-7.377568172863882001e-01
9.244224596525649762e-01
-2.039361786424679912e-01
5.749763306261865825e-01
3.066236157403524065e-01
-4.063683745989139506e-01
1.000000000000000000e+00
-3.396784760551541105e-02
4.827615462058729712e-01
-2.596383289979612430e-01
1.767829033074426182e-01
6.371441356271447809e-01
4.725465969733846361e-01
-9.574512316534375955e-01
6.609433138577143207e-01
1.703233216983897069e-01
7.742249457329595241e-01
2.203874220702658482e-01
8.251509347765686453e-01
-6.135620185434775831e-02
-6.449837735339980505e-01
-1.000000000000000000e+00
-8.168448669149341868e-03
9.151313267343621494e-01
5.053932321057956756e-01
1.576834791291734650e-01
-2.532300684468673513e-01
-1.737481478167466342e-01
9.954112978444618065e-01
8.950389495741344348e-01
8.017753367152187227e-01
-6.177707969705175106e-01
9.436796779521625655e-01
6.588765661915574334e-02
4.683381474367589448e-01
-2.949754679761542597e-01
4.553507698260228498e-01
-8.744035253890323212e-01
-9.865885324581691318e-01
-5.126433986758369699e-01
-3.749765325966014640e-01
-8.420086262037513869e-01
1.180101770129566852e-01
-2.829877754292575709e-02
-4.044289390564892450e-01
-3.549809717072597293e-01
7.374702674392809021e-01
2.618577504842733994e-01
-3.907291975278606166e-01
-8.745765260567468502e-01
9.266653849512330732e-01
1.385115998347452582e-01
5.803880680882969045e-01
-4.400870948206627720e-01
7.013249543500950089e-01
1.220393502349281789e-02
6.111986738423917931e-01
-7.271903440063454127e-01
5.852821137915631411e-03
1.932876844952280404e-01
8.022709496634701232e-01
3.178805156744761717e-01
5.094881388033885017e-01
-5.888337193726161933e-02
-9.096885052904426505e-01
-3.364385692177545018e-01
1.483201398268609861e-01
-4.130422461115044186e-01
-7.897027335008646176e-01
7.946128475400897617e-01
-4.343111181145458133e-01
-2.339132046642589113e-01
-2.579564539823138714e-01
-3.074000079855121470e-02
9.067904727774744877e-02
-2.129566241958902317e-01
6.880869590440186201e-02
-5.247481272634911820e-01
-4.715096634449411628e-01
-4.805631598832853513e-01
-6.703146088127873714e-01
-1.046166781927152511e-01
-6.716230927325190780e-01
2.432573180405933622e-01
3.773216206156779773e-01
5.852769156845671894e-01
9.127356707704499250e-01
4.202424857881661424e-01
-1.839351088004255175e-01
-7.145770356810390300e-01
2.515398605867502635e-02
3.952703328206874644e-02
9.291431802105998283e-01
4.449597021223816729e-01
9.404659947249369711e-01
-8.537483010040088915e-01
9.261929662458758816e-01
-8.920389443350027481e-01
5.535473083956481410e-01
-5.835357270542800290e-01
1.515704167832652161e-01
5.068858222990155760e-01
7.920781128066018972e-01
5.230730280372859475e-01
4.214874553703085169e-01
1.511095478783586188e-01
-1.764286109763300026e-01
3.114350056070658290e-02
9.747195838422568759e-01
-8.621001920727595635e-01
9.861605363541214864e-02
7.996360559144508606e-01
3.375975131838109267e-01
-6.443031525400502169e-01
-4.144878389405417529e-01
-1.000000000000000000e+00
-5.778936448716356367e-01
-1.594482471035103821e-01
8.435131593663618421e-01
8.107450330226950719e-01
-2.861367711572023742e-01
-2.449794605655757351e-01
-6.211513874310559125e-01
-1.337980779061387349e-02
-5.671948420718009309e-01
2.066480032861939264e-01
-9.955826204898587939e-01
-8.394822462577551381e-01
1.761536807237795710e-01
-9.299044065319583829e-02
3.404514269943752502e-01
-9.227867858609670737e-01
9.742574827733885279e-01
5.120410962222936568e-01
6.293650740620715389e-02
-5.521902522045560868e-01
5.930419884974995615e-01
-4.793086586792762449e-01
-2.060817017421499031e-01
