-2.084524645287900713e-01
-1.000000000000000000e+00
9.149706288945824717e-02
-6.120904372562296913e-01
-2.057040360256201239e-01
-6.693468980544177160e-01
2.825561247177778290e-02
-7.569891770843208967e-01
8.200796760470536739e-01
-7.324883912368467254e-01
1.670218060181585251e-01
-8.549588742978938560e-01
-1.000000000000000000e+00
-1.000000000000000000e+00
-1.000000000000000000e+00
6.927275508590114983e-01
1.000000000000000000e+00
-4.016621643789050067e-01
4.236371327412979948e-01
-3.445164250353698332e-01
-3.375475452117040476e-01
-1.814141814759777649e-01
1.000000000000000000e+00
1.000000000000000000e+00
1.000000000000000000e+00
4.389900534350599237e-01
-1.297934468335000535e-02
-4.246893683920694995e-01
-3.705314522309040015e-01
-7.753956929102506779e-01
-5.294161824885145196e-01
4.763380975551937402e-01
-1.000000000000000000e+00
1.000000000000000000e+00
-7.356865527404216065e-01
-1.000000000000000000e+00
2.407169378412102601e-01
-6.436875551513591143e-01
7.005718221928285416e-01
8.073110771456638579e-01
-6.133997498120076219e-01
4.497211626742341206e-01
7.716672307947541887e-01
-7.143538463995759979e-01
-7.689240181936105589e-01
-1.000000000000000000e+00
-1.016561818808922046e-01
-6.375088412557974316e-01
-7.371308964599366798e-01
-4.252257487944482994e-01
-5.417768732100427531e-01
4.470561240161470273e-01
-4.127918485034737794e-01
-8.499851469594683628e-01
-7.945475940975300633e-01
1.000000000000000000e+00
-9.613335098195489037e-01
1.000000000000000000e+00
-1.000000000000000000e+00
-1.000000000000000000e+00
1.000000000000000000e+00
1.000000000000000000e+00
-3.935204615090105718e-02
-5.998753182336278300e-01
-2.856237975899141857e-01
-4.694209634944411791e-01
5.074323085281806645e-02
-3.771324400101871976e-01
-1.000000000000000000e+00
1.391580798051655354e-01
7.456174860323477871e-01
-9.298550095309057184e-01
-5.542163457196955800e-01
-1.000000000000000000e+00
2.391978118384504581e-01
1.000000000000000000e+00
6.292551679889730742e-01
1.168290442017783093e-01
2.126841454414991617e-01
2.313012610570243099e-01
-5.202157814729264640e-01
4.691365841167693951e-01
-6.950286196835198105e-01
-2.266323326873783683e-01
-2.501111464020676634e-01
6.339208857890271664e-01
7.258380788557122765e-01
1.203713508329828930e-01
-3.735843279555312590e-01
7.772652318793602522e-01
-3.514884454868711927e-01
5.656102948787511409e-01
1.000000000000000000e+00
1.000000000000000000e+00
1.979771828580554338e-01
4.798741195640607859e-01
-6.795396153985233667e-01
7.001530403084577081e-01
5.455733305908472275e-02
1.625005149630791013e-01
-5.854475022233263104e-01
2.153572362787926076e-01
-8.750876134924976402e-01
4.715644684101383266e-01
-1.000000000000000000e+00
6.418426496161835360e-01
-8.935247742533442006e-01
2.160345957346960222e-01
5.474952670608292937e-01
1.000000000000000000e+00
9.029965389927814279e-01
-2.744885499182977417e-01
-4.135754527346833798e-01
-4.237930300912563508e-01
1.000000000000000000e+00
-1.000000000000000000e+00
-7.169662036613734246e-01
-4.425694631653931399e-02
5.379691846839288472e-01
-1.000000000000000000e+00
-1.000000000000000000e+00
1.000000000000000000e+00
-4.306421509232660760e-01
-1.000000000000000000e+00
-5.904768571433312019e-01
2.894723432993969725e-01
-7.558525473297539321e-02
4.347512363667233593e-01
-8.455194091751114249e-02
1.603582090615704447e-01
-1.000000000000000000e+00
-3.102166019641466876e-01
8.117279633460344757e-01
1.000000000000000000e+00
-1.493971369415380002e-01
1.000000000000000000e+00
7.283144292617684812e-01
-1.000000000000000000e+00
8.843431211159710204e-01
1.787450091520365048e-02
-9.585847680915052793e-01
-5.455735869399225280e-02
9.389187572533496118e-01
-1.555048449193756066e-01
2.716086237301640338e-02
-7.251634513889753109e-01
-1.329612909781561214e-01
-8.753570375840999951e-01
-1.220257607823935636e-01
1.000000000000000000e+00
1.343549167115674070e-01
2.045146184574115900e-01
5.100473789550019621e-01
5.392524547242245614e-01
9.438153939490230293e-01
1.998961366734093581e-02
3.053200594913763055e-01
-5.007417921091938950e-03
3.563183225048025538e-01
-6.066756287661870806e-01
-2.772442868227039670e-01
4.423798408099857138e-01
-1.000000000000000000e+00
3.686311855199153609e-02
5.128596660883011360e-01
-1.352628467301645321e-01
-6.886963336937366176e-01
-7.816875924116686303e-01
-3.680437576959005863e-01
6.251331737811777201e-01
-9.319579504040038653e-01
-5.501280247370371468e-01
-3.896663597120955114e-01
-1.000000000000000000e+00
3.935419404741647420e-01
-9.244443678717207957e-01
-5.999208112169592821e-01
-3.222919729636604114e-01
-8.750715782977194213e-01
1.000000000000000000e+00
8.725140529275421386e-03
2.542372643311170410e-01
-4.135047945579822803e-01
5.653861371251605039e-01
-6.116122580054276225e-01
-1.000000000000000000e+00
-1.000000000000000000e+00
-6.969299182577779472e-01
3.406219124635014861e-01
-6.161469800542738184e-01
1.745131401839816188e-01
-9.754162424216914484e-01
5.049861738334036065e-01
-2.876908177714738724e-01
-7.055539975324474078e-01
-4.615806998063697320e-01
-7.732514452310585984e-01
-4.520711825898211522e-01
1.652153791910782599e-01
-2.040564893689118531e-01
1.000000000000000000e+00
8.975450991388012056e-02
5.118032391254152547e-01
-8.986948114998687398e-01
8.374340199457217526e-01
-1.534996242765407359e-02
1.599435782985800802e-01
-1.572111408857332915e-01
6.544617217033609213e-01
-7.138198803108422030e-01
-9.311734714281914016e-01
1.792342709031330417e-01
-9.595352213610830461e-02
6.188573310896283708e-01
1.000000000000000000e+00
1.000000000000000000e+00
-1.000000000000000000e+00
3.286879968958464904e-01
1.481088923876473507e-01
4.282509420058987493e-01
5.968466627333229857e-01
-2.146664206063124691e-01
7.825070727352818611e-01
8.062924246952687390e-01
-5.585410345694624690e-01
-1.000000000000000000e+00
-1.478123357951416361e-01
7.988390540277134910e-02
6.440234435303548999e-01
-7.482452445332954394e-02
-2.532474410060465142e-01
-3.479223167437384134e-02
1.000000000000000000e+00
-9.916360760718527789e-01
-4.184093425091341967e-01
-8.029994560519337909e-01
-8.352992097910467706e-01
-3.168789033331935734e-01
8.539054313964465903e-01
1.000000000000000000e+00
-1.000000000000000000e+00
-5.372363568818319113e-01
7.533347509973008505e-01
6.609422799578439367e-01
-5.140037353378710261e-01
-5.415902300219530563e-01
2.461926338454808461e-01
1.000000000000000000e+00
1.000000000000000000e+00
1.000000000000000000e+00
-8.751611187878993725e-01
-1.000000000000000000e+00
8.359588497323042766e-01
2.742866302284812097e-01
1.000000000000000000e+00
-6.890353184525600527e-01
6.645292775331530510e-01
7.707203810034803926e-01
5.592779345387753898e-01
5.347369778121677797e-01
1.000000000000000000e+00
-1.000000000000000000e+00
1.000000000000000000e+00
-9.903315896424024212e-01
-1.688040828237035718e-01
