-1.831016762131725262e-01
-1.483020563763501887e-01
4.880519159507135107e-01
5.084821491935851423e-01
-2.091532276290077874e-01
-1.827537235816012462e-01
-1.000000000000000000e+00
-2.090467697516618095e-01
1.882753489021182780e-02
6.879716724692199747e-01
-7.648534694439965698e-01
6.237675934024646818e-01
4.223696384174915330e-01
-4.207219378753963568e-01
3.678025527667758698e-01
-8.917252986323747077e-01
6.606094259279413627e-01
3.840552662018252850e-01
7.361084063237477437e-01
-4.835713635316225556e-01
-1.500181218172027542e-01
1.774993574991721168e-01
-5.322708712713160040e-01
5.358936722780451856e-01
6.014122598257337637e-01
1.629098092710723478e-03
-6.821507969026763263e-01
-9.700218814049457183e-01
-6.864379422500013206e-01
5.235759092928882197e-01
1.756786907167520173e-01
6.116897707387305427e-01
6.083763479300228205e-01
1.465839618387680954e-01
6.792241799718377049e-01
9.903923449223215325e-01
-5.090326845421688784e-01
-8.766707521687446825e-01
-1.800803185600723388e-01
-6.922641147753767488e-01
-6.789214440179729415e-01
-4.266164222723938249e-01
4.537585960711797428e-01
-1.611218944632476779e-01
-6.433727378789209084e-01
-7.358489811162980399e-01
6.300300553822502092e-01
-5.840449431950027748e-01
5.207854800484019719e-01
-4.606358740417169084e-01
-4.617752509798582761e-01
-1.048981504251589314e-02
6.160187482924892599e-01
2.386735274201212675e-01
-5.231839097177994891e-01
5.330133874592681842e-01
-9.544957354531478089e-01
-4.455541311503075086e-01
5.466903823993194411e-01
4.801445833137250041e-01
-6.225446060578765373e-01
7.931664123370152364e-01
-5.192163803897642538e-04
8.204664962584853338e-01
2.360689645886693278e-01
1.514802166660893512e-01
-6.097058212477148853e-01
-9.170675202457356789e-02
2.140067430762413458e-01
2.595385786466648526e-01
6.499694843198724481e-01
1.534887184459383658e-01
1.516908820754310216e-01
6.096417475023794275e-01
-6.337294288158854538e-01
1.908288570816027985e-01
-1.727651773881977437e-01
9.038977613662741994e-01
-5.743237558073839288e-01
-5.102177919288464203e-01
4.481017921127938841e-02
-9.208031799770286518e-01
6.438210426897530425e-01
6.557439089057666148e-01
-8.045015046232328881e-01
8.030085387625693905e-01
9.087995915621882581e-01
5.352219826452060403e-01
7.564281048553884723e-01
-5.088208679367436371e-01
-9.778765275981637917e-01
2.420842666382565511e-01
-1.291609643902810189e-01
-8.296308208070835022e-01
-8.207309825249708979e-02
1.595119252308681013e-01
-7.053757603128785192e-02
-4.299262790527367262e-01
8.367394063002264737e-01
4.504872072209358258e-01
-8.081334033161864383e-01
2.393030539593636874e-01
-7.269793283983625454e-01
6.124451745661017021e-01
3.017965435893459336e-01
7.670528827735086930e-01
-1.334915394516240639e-01
9.463585033844701400e-02
2.342634062281765406e-01
2.504528658582281242e-01
-5.842920198768442042e-02
9.507847450339246276e-01
-8.590154424306428727e-01
4.288247068395396600e-01
-9.178876578674768361e-01
2.771075507668141480e-01
9.068816361282689975e-01
9.144464093821134121e-01
-3.363995478720447352e-01
6.932110852681150348e-01
-2.734026973122254400e-01
-4.514452954637109272e-01
-2.529362895790110422e-01
4.071175472435883957e-01
3.736802112316073288e-01
5.482702003967441229e-01
-4.552323536080360444e-01
2.361781145230612555e-01
-8.669250464674340684e-01
-3.195799875631935016e-01
-6.004217531190745305e-01
6.961123949250016540e-01
8.167404636938440099e-01
-6.882712887023934023e-01
-1.741427668712973720e-01
3.629171180472028357e-01
5.097404843338515512e-02
5.019495756935947739e-01
-1.035676991511962353e-01
-4.066623514917977467e-02
-7.165399012914459576e-01
-8.149917978828224996e-01
-4.547690713676399987e-01
9.008458010642588221e-01
6.487750428045371276e-01
3.199584923428409056e-01
2.999396134561513882e-01
-4.476623781530104651e-01
-7.190005596057278403e-01
-9.323810237112715171e-01
-5.749484040425079101e-01
8.177364265633282336e-01
8.728386025518399816e-01
4.156617014098047402e-01
-3.277085928841856899e-01
4.255464835816216151e-01
1.772464369572783749e-01
9.635656507592782472e-01
5.494870964877629493e-01
-4.295821463016025188e-01
1.453218595789982359e-01
1.662952066865206469e-01
7.365822901249589050e-01
8.774356855719653847e-01
-7.414387241670095108e-03
-3.338028836177684422e-01
2.859417370028274341e-01
3.334678898858660645e-01
3.397062061907032415e-01
3.059887987846776625e-01
-3.614876499790333764e-01
6.596335171929283980e-01
-4.732458219130197818e-01
1.083663385538209400e-01
-7.211504332828775343e-01
1.053497478614617844e-01
4.529038207158213591e-01
-3.587820858138424107e-02
6.158292999844781068e-01
-6.192823710217458810e-01
-1.664455838959639777e-01
-3.342113992269450939e-01
6.618906798627430810e-01
7.176905666296227171e-01
9.324937017780410287e-02
-5.202722580207019831e-01
-5.439458656677520487e-01
3.801595235313661725e-01
7.024857089533353971e-01
6.767068178297810377e-01
-3.331438828844210942e-01
8.144470298032597810e-01
-2.131636181195091795e-01
1.789434179813333969e-01
5.710889013211268850e-01
-3.818588521416399484e-02
4.596445844875343134e-01
8.138440924272509758e-01
-9.435843756422765960e-01
-9.315345892422317586e-01
-3.069392973689508697e-01
-6.906973316537570184e-01
-1.780367071547672708e-01
8.835146978164771792e-01
-1.486291333167975015e-01
9.630761162270045084e-01
4.191942435197564265e-01
-9.012918800434901456e-01
7.013909366699224712e-01
-9.818440729454509519e-01
-8.048413021309868132e-01
5.436548988360723200e-02
5.813354365936780344e-01
3.172896334948738239e-01
8.400093554250898098e-01
-5.168773828383763647e-01
-7.657794862460858276e-01
3.249761826887984650e-01
1.573147683805684593e-01
7.438321144555619657e-01
-6.734389989804911991e-03
1.613587286609341476e-02
-9.308984374389539518e-02
9.509703134260529822e-01
-7.581714555111691567e-01
-6.577154283367785403e-01
2.461187973726466915e-01
2.937655410439836690e-01
-2.387715417276645713e-01
-1.919728300730045856e-01
-5.972765545661162800e-01
-6.159020844520040061e-01
8.949196889767370156e-01
3.420608272506149850e-01
1.495367418238553459e-01
-4.763920208762795205e-01
1.299646026625254080e-01
-8.117475151847253212e-01
-5.130742234710574667e-01
-1.172960723117006943e-01
-5.482393266657048514e-02
-9.279460555866936300e-01
-4.994692606059074613e-01
3.082596032862186530e-01
-7.385295218441494391e-01
7.676069863309598063e-02
1.081234441005973768e-01
7.781078005369272965e-01
9.199487598877933436e-01
5.819429510051847831e-01
-8.977326979017399289e-01
2.799370217893650814e-01
2.710991104817621622e-01
9.636712577547950076e-01
4.298114828035406454e-01
1.426399923558772098e-01
-2.166291068378733975e-02
3.216181993563882457e-03
-2.693872616259513908e-01
2.619803239030575881e-01
-2.046491883980010584e-01
-2.166843360597692225e-02
-5.411788267426942411e-03
-9.588141554268850286e-02
-3.357423321634125379e-01
