-1.272633814132935193e-01
6.134390055686933518e-01
-8.371877643934144686e-01
-4.692092619109672347e-01
2.516069992574476721e-02
-4.064760287803472760e-01
-2.708382015283308242e-01
2.653763926842396259e-01
4.057250781691204011e-01
3.643928747367639609e-01
-9.907845745048680097e-01
-6.624094960492887818e-01
2.155093260046607728e-01
-9.411920764658885386e-01
1.049667270442011802e-01
1.770049220699965176e-01
4.181943518640443003e-01
-5.110499197054265696e-01
2.979517901938593116e-01
-4.429509557172568446e-01
1.000000000000000000e+00
2.275635935585629266e-01
-3.749014290279915063e-01
2.701526647069178999e-01
7.727590777270859634e-01
5.969770898776247670e-01
-6.147230341453571167e-01
-2.403077811266334241e-01
-9.791569481406507958e-01
5.191890591104741937e-02
6.143447747881984888e-01
-7.407658985713614364e-01
-5.205359246119345418e-01
-5.360835784438726659e-01
-6.627377341052576032e-01
-7.741486791039207116e-01
9.097699728342971692e-01
-8.799779646719134707e-01
4.974470936035699786e-01
-6.109599916499153238e-02
-1.393632295316007408e-01
-3.320554222117655385e-01
-8.844512269936015691e-01
9.403078989529034537e-01
-7.396072961559541081e-01
5.594087019810602968e-01
-3.544484803104370751e-01
-3.323448835083013808e-01
-1.169857102468259136e-01
5.473984093443302612e-01
-1.313355716533162187e-01
3.889782920037715974e-01
7.724386064961693554e-01
6.907491574499649012e-01
7.801615803594115217e-01
-1.425367413812961281e-01
1.385187004104178055e-01
-7.228090668871900437e-01
-5.166946714273654706e-01
1.997700146846421720e-01
-5.146659986435189182e-01
-6.061570168617345100e-01
8.335889718173359331e-01
-8.347530320321954189e-01
-4.431166853188517885e-01
-4.305808718198698148e-01
-1.417912278648192359e-01
-7.400049745180619087e-01
6.368543204356948984e-01
-7.888947911292045756e-01
-3.269780357026190742e-01
-5.265609062805340912e-01
-3.874334892561484001e-01
-5.437115975268005386e-01
8.639277079253617764e-01
3.004935672851432038e-01
1.367322029024986563e-01
-2.289059297290749750e-01
-4.774163340581105697e-01
9.593679191431043751e-01
-2.506348588711149183e-01
9.754430492708883182e-01
6.284722900840793436e-01
6.623260345240855607e-02
-3.360217789949060396e-02
4.050775671669477607e-01
6.805917377478936103e-01
-9.726486552383690753e-01
9.633699569958498188e-01
-3.431014571836872307e-01
5.329056878209090797e-01
-6.128180271293607317e-01
-9.388926352172561884e-01
-5.153950735695400631e-01
3.289408901324977208e-01
2.084380466097095486e-01
-6.439231588675868867e-01
-8.668548737246224434e-01
-8.541963642892915765e-01
1.931877357602094225e-01
6.762029940907121617e-01
-1.430923934635193184e-01
-5.088609316056245113e-01
6.138546393696948655e-01
-7.031212700486961786e-01
-5.567550677319286212e-01
-3.902637453543796875e-01
1.000000000000000000e+00
-1.789473369383678403e-01
-1.000000000000000000e+00
5.386142351958591590e-01
8.387169437093304758e-01
-3.102959071135706903e-01
-9.672345167261746646e-01
-4.514221056789107234e-01
-1.582951877305136534e-01
8.707618482060714982e-01
-9.792783727053429033e-01
-4.317704474188781560e-01
-7.648210452974923967e-01
5.513914486681188443e-01
-4.880180428630922496e-01
8.360411082397514182e-01
1.651119221487997724e-01
-4.961397075209225127e-01
2.339766765438429097e-01
3.928073379439966928e-02
7.002704642946167013e-01
6.331009368235525070e-01
-6.705642822223794042e-01
-4.649715819667217254e-01
1.946040415454703965e-01
-6.675887066877339571e-02
-7.683713635290789767e-01
-2.292974598687291810e-02
8.226268309506983289e-01
7.411266384433871091e-01
-1.000000000000000000e+00
3.515229308621670157e-01
8.874350667656505376e-01
-1.000000000000000000e+00
2.846192062344279350e-01
8.619266556321361072e-01
-3.098281018098356654e-01
7.338487876464110382e-01
8.558877073537280999e-01
5.528600046458094219e-01
8.561244444312368085e-01
-8.443691068181251591e-01
1.270297304529992566e-01
-6.186690100351130983e-01
-8.188897802185490793e-01
8.058865915264334934e-01
7.857393090468991481e-01
9.824681528983221224e-01
-2.998666973582397866e-01
8.878233946538527377e-03
-3.807947719860611535e-01
4.606322934108282308e-01
3.158397105428960572e-01
-7.748516806595577844e-01
-1.771092881789688711e-01
-9.924572837875638154e-01
-3.397396585391958546e-01
-8.435306819030730097e-01
1.000000000000000000e+00
-8.098501628166201449e-01
3.433313433438607287e-01
-7.680012143450845041e-01
-3.989802035820517734e-01
-7.093480312701834212e-01
-7.464816053367235860e-01
2.749702370330369128e-01
9.792026562898181741e-01
5.949008305997161017e-01
-5.254563168747485857e-01
-7.815905329525236755e-01
6.059805093568020329e-01
-4.631106214639419960e-01
-3.114530236642101269e-01
7.220433197232238864e-01
7.006261085938663147e-01
-3.589697944814169706e-01
6.569509818595837825e-01
-3.025421804247445667e-01
1.053830442779923882e-01
2.407522502997605507e-02
-1.737805668386738223e-01
9.028220340867774141e-01
3.030432581283712956e-01
-9.588117681030619011e-01
1.239399064779891368e-01
-5.954363824034341057e-01
-7.567725011014554415e-01
9.115698666571814268e-01
-8.414345724722875897e-01
-9.242611134601219636e-01
3.964423180462892660e-01
-5.696501465140686449e-01
-9.031632179308042296e-01
-9.589775228699635168e-01
-5.823537478827842673e-01
8.472138463303482414e-01
-9.422297848376288698e-01
-9.466671531393049399e-01
-6.564193717095327951e-01
-4.009763161516772811e-01
8.290827070726380921e-01
-8.400388565857386247e-02
-9.325775458272700380e-01
-6.287516347407027251e-01
-5.706910074132234278e-01
8.014128299462013327e-01
4.634353618501436678e-01
7.853226414047091986e-01
-1.433173648867220873e-01
3.745719583528315244e-01
-6.483970494996293965e-02
-8.246415769288806263e-01
-2.511822869375714973e-01
-1.283588035952343276e-01
-2.083372655476374291e-01
-3.554839550031356765e-01
6.854309608166999634e-01
5.925130125639166412e-01
-9.738687730874104886e-01
6.621871803571899306e-02
4.215629207707711767e-01
4.961772875191259313e-01
4.577405897275566016e-01
-1.676380398309127440e-01
1.859901943218265075e-01
-2.060691232285738472e-02
1.205472013410369136e-01
-4.754992959353747661e-01
-8.831331084847222623e-01
3.960509297335532697e-01
5.886248048571414149e-01
6.067454711753850205e-01
-6.372593091354418204e-01
-6.775114202705718736e-01
5.127793784229686125e-01
1.216646088925259495e-01
-6.691261873073293120e-01
-9.866503454323716227e-03
8.376652827293693537e-01
-7.371247276913643898e-01
-8.155295256562421491e-01
-1.045409694329146877e-01
-3.115417231878998550e-01
-8.969484389965436399e-01
3.855266221730335729e-02
1.039129986254072602e-01
5.138408554252558158e-01
-5.105251698665715931e-01
1.287973884681528070e-01
-9.518256629938994795e-01
2.495943002968290525e-01
-2.531743551416423266e-01
-1.000000000000000000e+00
-9.320119698047766299e-01
7.877588470404821575e-01
-3.544005769937810246e-01
5.292174345487890008e-01
-3.589498767300234316e-01
