-3.232666380955466212e-01
6.490617166213346056e-01
1.683850126319990093e-01
-4.447022232792132157e-01
-1.000000000000000000e+00
5.795785624267275615e-01
2.163556905790746665e-01
2.356090586172195633e-01
-7.778086946611931785e-01
9.351019725572253805e-01
-2.690074666015001004e-01
-1.307449033665202265e-01
-4.517826982286764492e-01
-2.683753755772635419e-01
6.783280597987584315e-01
-9.012260580150535105e-01
-6.568619534470852006e-01
-1.000000000000000000e+00
-1.777441022688718564e-01
-9.007594217330032738e-01
3.202937861367910477e-01
-1.000000000000000000e+00
-2.249020062264148745e-01
1.000000000000000000e+00
-1.000000000000000000e+00
3.771538802192093698e-01
-1.000000000000000000e+00
-1.000000000000000000e+00
-9.822416400979452344e-01
7.088219047096684378e-01
6.209555812902818328e-01
9.634941222698585328e-01
-1.000000000000000000e+00
-7.887059077041038702e-01
-9.801231845971069001e-01
3.528689432617890254e-01
-4.547229550496214023e-01
-1.000000000000000000e+00
-4.985496707318684551e-02
-3.613240243723153111e-01
1.000000000000000000e+00
-2.921754244665233369e-01
7.665675476305704450e-01
8.582932747824300046e-01
-1.000000000000000000e+00
9.194199425583784446e-01
2.359805543880232059e-01
4.752705821939480768e-01
6.251389724638225509e-01
-1.000000000000000000e+00
-3.763964442675518662e-01
8.330716915789649901e-01
-4.297391553593736258e-01
3.891295669175409699e-01
7.921872572655863642e-02
-7.993957064211390517e-02
-6.190575210316868748e-01
2.938045527414787084e-01
1.000000000000000000e+00
-3.381526896442446084e-01
-8.617388058848619581e-01
6.435854017735999077e-01
-3.530635109265610194e-01
-7.620953195131294766e-01
-3.713922773130919897e-01
-2.844172996949899668e-01
-1.000000000000000000e+00
1.000000000000000000e+00
-5.084922820226069895e-01
-2.740269937110313414e-01
4.424853212755581744e-01
3.652765723896211902e-01
6.648180017612850268e-01
-1.000000000000000000e+00
2.889820153859050667e-01
8.804119513591336377e-01
-2.507582583644931695e-01
1.953214775701916928e-02
7.992616119288042942e-01
1.000000000000000000e+00
-4.980178354241581729e-01
5.023607102807374769e-01
1.000000000000000000e+00
-3.673947376287856059e-02
-7.105344427208188929e-01
5.312355101255843426e-01
5.420367082555341831e-01
-7.319020461509798681e-01
-5.223358941469040673e-01
8.460115233862430806e-01
1.000000000000000000e+00
1.794219304142296023e-01
1.955720063759009975e-01
-4.022053836713496144e-01
4.331226898816908921e-01
-7.408923183629865239e-01
1.323433566667872319e-01
8.724176697418999371e-01
-1.000000000000000000e+00
-7.634978042729907433e-01
1.000000000000000000e+00
-8.846405153144630829e-01
-3.328840564538628755e-01
8.095737851407411867e-01
7.986265848910742982e-01
-5.396974313657663114e-01
-1.000000000000000000e+00
-1.876201129280677948e-01
-6.557507221636031947e-01
4.759358593363223200e-01
2.587457800365655092e-01
-1.169211866918815068e-02
5.265427644879978608e-01
-1.000000000000000000e+00
2.790079797171688414e-01
6.885322440771215469e-01
-9.756546923392438453e-01
-2.501286140233932032e-01
1.000000000000000000e+00
1.000000000000000000e+00
-1.119895392885283947e-02
-1.000000000000000000e+00
3.517730405588473941e-01
-3.116619332118431007e-01
-9.759607914676793339e-01
9.794375542551629621e-03
-1.602468762186538276e-01
7.459217197800744881e-01
-6.357754198472939100e-01
9.184524932471871406e-01
-4.752343776741592141e-01
1.511547802180173150e-01
-3.172143895185906004e-01
-6.885126554030035484e-01
-5.040108550642612428e-01
5.602671179833600412e-01
4.606468662666175495e-01
-8.720930545000882272e-01
-1.297013003535610887e-01
-4.676124146793310121e-01
-5.465221555479751192e-01
-1.000000000000000000e+00
-1.000000000000000000e+00
1.583112744319498388e-01
2.534270939306182968e-01
3.633546134969645180e-02
1.144338803163204021e-01
-5.079523137813117817e-01
8.559155161901390585e-01
1.000000000000000000e+00
-4.227861563060130723e-01
-1.000000000000000000e+00
-7.196705937110092766e-01
5.598989435786391189e-01
3.115251201403999581e-01
1.689022493516814105e-01
-1.000000000000000000e+00
1.000000000000000000e+00
9.455214271892700140e-01
2.206865525407656348e-01
-1.000000000000000000e+00
-4.159721419756955418e-01
-1.000000000000000000e+00
-1.000000000000000000e+00
-6.880787665030230205e-01
-6.334431331556816813e-02
4.664949287616577678e-01
1.851342953514262812e-01
-5.660912803080062616e-01
-9.208670103504830173e-01
1.000000000000000000e+00
2.395660488718027725e-01
5.551326175106030547e-02
4.511142660111269187e-01
-6.180089029198804207e-01
-6.273813199036459842e-01
-8.010264809364631144e-01
-7.972466960886450682e-01
-1.000000000000000000e+00
6.186395752408389015e-01
2.633578783470068019e-01
1.583904059670855069e-01
-8.257689393026749203e-01
-2.204195121105987365e-01
5.704924182720005899e-02
-1.666189169088110322e-01
8.845980005722682282e-01
-5.572651106354524764e-01
-7.291007731974852302e-01
-3.413862211287663762e-01
-2.890891720046055713e-02
6.194883350955806556e-01
4.237296758344640812e-01
1.000000000000000000e+00
-4.168397270452959269e-01
3.096071189534430612e-01
-1.000000000000000000e+00
4.580862031334820839e-01
6.262879983874067857e-01
-1.000000000000000000e+00
-6.708376181096749047e-01
8.662761051925248479e-01
1.808524487155698246e-01
7.364138935518496076e-01
-1.000000000000000000e+00
-7.146353081142894359e-01
-7.543726784483656411e-02
5.780323742183913760e-01
-3.588082400603408439e-01
-4.506143577871484229e-01
-1.000000000000000000e+00
7.706246768412328141e-02
1.000000000000000000e+00
2.840785439142337054e-01
-1.000000000000000000e+00
-9.447098299633065466e-01
1.619608353777549636e-01
-5.816417199585712794e-01
4.447551936014798590e-01
3.605375721295989155e-02
-1.000000000000000000e+00
1.869951122289157386e-01
-1.000000000000000000e+00
8.970435278996931050e-01
6.794226566021357439e-01
2.650262670212034655e-01
-9.791883393979066152e-01
4.247345195283402930e-02
1.000000000000000000e+00
1.000000000000000000e+00
1.000000000000000000e+00
-2.968232363209477587e-01
5.646265593370983771e-01
1.000000000000000000e+00
1.000000000000000000e+00
-1.301425713035008758e-01
-6.668730790230228411e-01
7.895323689902034037e-01
-1.000000000000000000e+00
4.696379730880710923e-01
-6.000948979373896819e-01
-1.099911174165716377e-01
1.000000000000000000e+00
2.197577902394715066e-01
-3.409870589222898651e-01
1.000000000000000000e+00
-4.861447664625224707e-01
3.116101265198747416e-01
4.179005685073159393e-01
1.295070898785805058e-01
-5.637880314737069298e-01
-7.158148274206737049e-01
8.621561601990185286e-01
-8.667003233097883008e-01
6.180332132197470241e-01
8.157399252935517708e-01
-1.189453770285890943e-01
1.000000000000000000e+00
1.000000000000000000e+00
3.362597192101060006e-01
-6.711430807907693419e-01
4.289285551297017940e-01
-5.992145173830609739e-02
3.232788625973028740e-01
1.000000000000000000e+00
