1.000000000000000000e+00
8.692114695073072106e-01
-1.735926566855299225e-01
6.922689775499965004e-01
4.549066980025504581e-01
-9.163131360375385004e-01
4.496950547282621002e-01
-5.258774340025393901e-01
4.154016052547686577e-01
9.041834969246964615e-01
-9.641537621000972891e-02
-1.785704028132424903e-01
6.199419305469724417e-01
8.063698269032777421e-01
4.841772866697794941e-01
8.671696621559211726e-01
1.000000000000000000e+00
-7.524184930074035993e-01
-6.665876163400392684e-01
2.685716192160367832e-01
-6.765654533845563146e-01
1.000000000000000000e+00
1.663985085232624339e-01
1.847260009737390282e-02
-9.199417734078230158e-01
1.000000000000000000e+00
-2.875761817274408716e-01
-2.456446113080514859e-01
-1.003242935636072808e-02
5.244666566044813294e-01
4.591524143392482493e-01
-2.195661079319452813e-01
-5.182256050375810830e-03
9.101950688842919135e-02
-6.400778439193693936e-01
-3.162896911474704087e-01
-1.000000000000000000e+00
-4.601461788877311831e-01
1.000000000000000000e+00
1.000000000000000000e+00
1.000000000000000000e+00
-1.283211893759526045e-01
1.734271879586706255e-01
-3.426770766333107066e-01
1.000000000000000000e+00
3.997241592536109334e-01
-1.703384237230913256e-01
4.716270375763937928e-01
8.696334841739883359e-02
6.332320213400838282e-02
-6.389432566236681321e-01
1.000000000000000000e+00
-2.375620859595895806e-01
1.492416825826745619e-01
7.168649616507700717e-01
-7.148099522052362431e-01
-1.390406965410868612e-01
-4.692060793617824910e-01
-5.929419304609961916e-01
7.156562012742690992e-01
-4.263924535570732255e-01
-1.088821142778444440e-01
4.501907302889647244e-01
-9.571421905119129603e-01
-2.651734242574224076e-01
-1.000000000000000000e+00
-9.221372148296563820e-01
-1.241141876198809113e-02
-1.000000000000000000e+00
-1.000000000000000000e+00
-6.847137663689508713e-01
-4.818334231151173430e-01
-9.436693436556367054e-01
-6.308512653854717045e-02
-9.352976551467858668e-01
1.685133781661107832e-01
8.026053798305857745e-01
5.862043483031997848e-01
-1.000000000000000000e+00
4.001800623878586372e-01
-9.495189431303138194e-01
-8.483002984589096407e-01
-7.318179730493467039e-01
1.000000000000000000e+00
3.567236823809905033e-02
1.517284001264553872e-01
5.126953276979873131e-02
6.360296422371447544e-01
1.000000000000000000e+00
7.647660119302858162e-01
2.251059877666059528e-01
6.002053900876367365e-01
9.130582887460038100e-01
-2.273645317348637618e-01
5.022574835835966756e-01
-4.139540044550915621e-01
9.348042741898354713e-01
-1.000000000000000000e+00
-1.245846839435835185e-01
1.571761555536954624e-02
4.147665086200388179e-02
1.091804334767909612e-01
-7.883042477109580837e-01
-7.110428420006651429e-01
-3.135120872981040363e-01
4.794308300895393504e-01
-6.691259636939816957e-02
1.656715090154281533e-01
1.000000000000000000e+00
-6.793441192836393583e-01
4.063015503637568138e-01
-8.226716639157187760e-01
-1.158070494251546290e-01
-1.136688399676606398e-01
-9.233244034733969485e-01
9.096872474401223041e-01
4.377669029249631194e-02
4.149392952538817347e-01
1.604424722810935400e-01
2.991877148837317479e-01
-4.970002638367401193e-01
-4.484217598219920053e-01
-5.967527798570455566e-01
-6.782039619789062002e-01
-5.619839958628363163e-01
-1.000000000000000000e+00
-5.816563901217486343e-02
1.189792937404233752e-01
-7.515835121121827722e-01
7.559614461399559726e-01
3.949188699135954828e-01
-9.603023217055022265e-01
-3.351885033020929328e-02
-6.272585754638384525e-01
-3.651052872028809348e-01
2.089559236616442828e-01
-1.000000000000000000e+00
-1.000000000000000000e+00
1.316468277965721079e-01
-7.436209451108009016e-01
-3.551704478017906341e-01
2.451174284986578078e-01
-2.725902500487000779e-01
-6.711153565909673269e-01
1.088225693790854098e-01
-1.424597964461220556e-01
4.550980377231437224e-01
-9.348095784400451969e-01
-3.715189769417565069e-01
1.000000000000000000e+00
1.000000000000000000e+00
8.815435247964559240e-02
6.753533279249078758e-01
-9.372714328758724456e-01
1.844790584628586139e-02
7.749450609052894734e-01
-7.334903322206469678e-01
3.889765542892782424e-01
-2.473671805514325861e-01
-8.321961791259600005e-01
-2.549034174658683649e-01
-1.932055661836709071e-01
-5.639812274844950846e-01
-9.010743955105662284e-01
-3.556758777513550074e-01
-3.537429496715089328e-01
4.420013304794168651e-01
-2.839483430112901274e-01
7.738805407459268260e-01
-9.478120840774357792e-01
3.308131867793440151e-03
1.841444428483121065e-01
7.635656748763572921e-01
-1.000000000000000000e+00
-1.935081262981481753e-01
7.147322121986878773e-01
1.934995924676816137e-01
-1.099713358388449969e-01
9.229610196176696313e-01
1.000000000000000000e+00
1.109977076587440603e-01
4.547740703489284719e-01
-2.466722796358312708e-01
-8.360329497656087128e-01
-9.780793444680984106e-01
3.438403612246498930e-01
1.125743293191729943e-01
-5.280193989042243352e-01
-3.816942624322208211e-01
3.285106239811612650e-01
3.376097799969464130e-01
-1.000000000000000000e+00
-5.732502836950854608e-01
4.528800418147722606e-01
-5.402382037508794976e-01
1.000000000000000000e+00
-9.902141760142708637e-01
1.000000000000000000e+00
-8.125713857328364931e-02
3.061720481713108843e-01
-5.210774160778459674e-01
6.363340644183044237e-01
8.110296021286174106e-01
-4.724984153034308410e-01
6.514005116425521935e-01
7.495028772496730163e-01
2.663631326949089662e-01
3.062658361583139310e-01
-9.544411465837912001e-01
-9.940272940283333414e-01
-4.353575138847474157e-01
-8.890732664168841115e-01
-1.890108119157981048e-01
7.348074028551183634e-01
7.933401434531328622e-01
-7.420898469938597142e-01
1.000000000000000000e+00
1.000000000000000000e+00
5.657664573976052547e-02
1.378894460866282867e-01
-1.000000000000000000e+00
-6.999076791937036690e-02
-6.747889900647368044e-01
-3.151166914557096410e-01
4.500266541838660594e-01
-2.787915545331569045e-01
1.000000000000000000e+00
4.534653037614975180e-01
-1.754056077477443853e-01
-5.603738822303840905e-01
-3.985501471713020494e-01
-1.000000000000000000e+00
9.319049337016662715e-01
-1.000000000000000000e+00
-4.733617453363058170e-01
-9.094860812358691871e-02
5.506381917814132110e-02
3.508380993582693730e-01
2.537002154229897055e-01
-2.978976642721252177e-01
-9.994958620961309492e-01
-2.211744070858329136e-01
3.281166771112137837e-01
-3.157512711065015854e-01
6.204390265311499064e-01
4.391471804139712720e-01
5.997801847024801791e-01
1.000000000000000000e+00
3.401913716520601483e-01
-3.215342699585836961e-01
1.000000000000000000e+00
-1.000000000000000000e+00
5.419435873705960027e-01
-9.913172838273347498e-01
5.552861936239705809e-02
-4.525427661784664490e-01
-6.525140615246998177e-01
9.788106748641947075e-01
9.541936216001558613e-01
-8.538440553095631991e-01
-1.283588331899054857e-02
-2.085314236111901476e-02
1.000000000000000000e+00
1.432332581113663905e-01
1.000000000000000000e+00
