-4.354126909909952214e-01
-5.051674912693580044e-01
5.550789259591131231e-01
-7.979775004347060552e-01
4.408153099190781354e-02
4.339620453978376702e-02
-1.688697968099002189e-01
-5.134420426937846837e-01
-7.693967302209638870e-01
-8.438985120667603645e-01
-6.648447850534351389e-01
1.999135932096773871e-01
-8.222480557555118530e-01
3.583831207269443375e-01
-2.007761515964583410e-01
-6.489722623079741126e-02
7.822978298036966649e-01
4.074652239173515156e-02
-8.265791163740227043e-01
8.999505415984798695e-02
-9.384997050387866580e-01
7.711619867989421007e-01
6.690969230542538337e-01
2.798842368076994713e-01
-3.230780721562844793e-01
-1.955382164430143899e-01
-1.992147669372619223e-01
3.429255994680913133e-01
5.226263705410394422e-02
2.288636305670304072e-01
-5.157745899458472394e-01
-5.857789244747291235e-01
2.348030436827663880e-01
-5.292849163669599566e-01
7.327403341249203450e-01
2.839310665842083026e-01
3.213256275670408613e-01
-1.082393745431418086e-01
1.461852992166094989e-01
-3.137142316132159880e-01
-2.366461263391650416e-01
2.326628128304795151e-01
3.473160721013175412e-01
9.475799051391846639e-01
9.855994330498276668e-01
-6.634509210311254623e-01
4.097852531629531114e-03
-5.063370568818670314e-01
-6.397314183729903014e-01
-3.013732128970425528e-02
1.731714307878358117e-01
4.583495631216998323e-01
-8.404125603480534501e-01
-6.145703357674245915e-01
-8.325365967441866744e-02
-8.514846044557542459e-01
-2.392864892376511676e-02
6.331572709550430389e-01
6.671901712471082213e-01
-4.756145167047225453e-01
-8.921301313321294835e-01
7.686201458400281350e-01
-5.511301105258126221e-01
8.310783621685187139e-01
5.149986704982176811e-01
2.690241221382601022e-01
8.332485711544865836e-01
8.246071556874030595e-01
2.085924812202726297e-01
6.396945036384407146e-01
-5.936238122028447695e-01
-2.034401482940777495e-01
9.023879683686095721e-01
9.986941771163515558e-01
1.356076409710407216e-01
9.542850611350606194e-02
5.369603530039610551e-01
-9.059198013172302666e-01
2.994195124619429826e-01
-9.135498886442900979e-01
-3.933435262662403620e-01
2.529332223970910398e-01
-7.800650371578266018e-01
-3.249091928460334788e-01
-8.059702922118705537e-02
3.002805012466185364e-01
-3.494983179961248521e-01
9.642742182143804186e-02
-9.660284798201821399e-01
4.935023633137307630e-01
-9.881869520574175780e-01
3.471157462507044045e-01
4.064356121730023919e-01
-4.135801186132797014e-01
6.091685335490470976e-01
-9.618957696877001862e-01
-2.177258037714147054e-01
9.379063350602130367e-01
1.553980924270845776e-01
-7.655746776013061528e-02
-7.178889808428348118e-01
2.536134733835604393e-02
-8.346880440090522768e-01
8.282288753159008365e-01
-9.371843623220301733e-01
6.731708744618447593e-01
-5.500048166536997130e-01
-6.784827378680600152e-01
-3.949901240914588385e-01
-8.430616439823059860e-01
-5.266749024615879904e-03
-6.249278927580614873e-01
-1.064126969210299478e-02
8.656683370194406812e-01
-4.072488316374294204e-01
-1.437874689073779244e-01
-8.504630593529522997e-01
8.043395780656432681e-01
-3.653586234766261764e-01
8.292551610118146233e-01
-2.033240569799477093e-02
1.345587533549672532e-01
-9.868963938340897801e-01
-9.062151324005474073e-02
6.004908392173131659e-01
-8.957023648151702933e-01
3.831967024857696469e-01
6.406503594198176277e-01
8.248809924321449660e-01
5.990859093342970620e-01
-6.639482429793672758e-01
-6.378225884114139266e-01
-8.776418019400835657e-01
3.761164076837570924e-01
7.197743189087504323e-01
1.184523766985026150e-01
-1.284048501083177030e-01
1.687981164979623916e-01
-9.469151177023940047e-01
-4.812688761354011469e-01
-5.708340425697198128e-01
6.087001667609552857e-01
7.185961032644343494e-01
6.094946172014277241e-01
-3.266469805420673111e-01
7.790753435842621144e-01
2.049829541841758918e-01
2.671396947161799318e-01
-2.715698525565692911e-01
-4.392714989751789201e-01
2.302083046740990291e-01
2.254905507008033716e-01
-8.226970627463559005e-01
-1.529324859580338813e-01
1.198316399593091219e-02
4.065950071640151986e-01
4.408672599916489965e-01
-7.728422330767747983e-01
-1.088583989532798668e-02
-2.636785657114315562e-02
1.635858905874583158e-01
2.739911418669271903e-01
-4.844654485535357935e-01
-2.608601943982651328e-01
5.721821122085675171e-01
-7.296440583341385899e-01
-2.950866390937301187e-01
7.352949478743084910e-01
-4.427018460416993761e-01
-4.052900803234660287e-01
-9.488477306676861289e-01
6.143054464857973240e-01
7.159987337511668493e-01
-6.444631610976301328e-01
-1.511593588449011705e-01
-9.541281562860772780e-01
2.186148020609000042e-01
-2.322861607034210074e-02
-5.956559394609357572e-01
9.062228175519577711e-01
-6.867341520661363052e-01
-7.263909142664612961e-01
-2.744945778185348129e-01
8.126900189978458755e-01
-1.748655777220280427e-01
-6.737164232795984642e-01
-5.454699374915461529e-01
-8.965790599949996498e-01
1.816897402524497718e-01
8.651824578840598967e-01
6.948846421808851925e-01
8.346096743700581744e-01
-5.253738824019107412e-01
6.661108027228852535e-01
-1.644050143436359690e-01
3.040317393634508480e-01
9.000544900709002150e-01
1.166519478971459467e-01
-7.750694546191658763e-01
-5.042778522138153807e-01
7.861809687159526661e-02
-7.066397150504208913e-01
-1.210652555007682984e-01
-9.797015759133334001e-01
-9.075589314641823169e-01
6.711614882857874775e-03
6.110952320183500319e-01
7.378317051351321876e-01
-4.368031123027704687e-01
-2.787970032197983894e-01
-1.959426269008988086e-01
3.521153497046429770e-01
-6.738244049712978079e-01
9.511888225923592621e-01
7.718811190790331178e-01
-2.397252985069575626e-01
1.446149180147866531e-01
-6.648556350529994941e-01
9.182514441942697392e-01
-6.045085917414183552e-01
-9.430545246948405236e-01
2.071992848428032552e-01
-4.404801600428509545e-01
-6.423886476538511747e-01
-3.839492763473133508e-01
5.258521987182627200e-01
1.414826579377763682e-01
-2.547601111347728153e-01
1.764217088518567067e-01
6.004724292828640397e-01
-6.077841145796243350e-01
5.931554001247467678e-01
2.396421230473877451e-02
7.790801340140802722e-01
-2.910889034300070399e-01
5.299608701748139694e-01
-6.277408692600627838e-02
6.396706844866113517e-01
7.997549032022275295e-01
-9.385688048313849396e-01
8.440417017711885350e-01
1.282049765083648207e-01
-2.516165271843222584e-01
-3.847329245184072377e-01
4.900117149740923495e-03
8.424008121320132325e-01
4.513822702180789737e-01
5.339843841326772367e-01
-9.701081578201049549e-01
9.976946536298723078e-01
-2.317859331409690693e-01
1.228401208146319146e-01
7.573830523666968961e-01
-4.367790912105327106e-01
-6.340158421557751112e-02
7.523115239658888509e-01
1.215499776114095098e-01
8.899100683476857121e-02
-2.996795112632448799e-01
-7.319659793166464201e-01
-8.950631881182076199e-01
6.534188072433557704e-01
4.592103788374020112e-01
8.743812602382896593e-01
3.970843704792106355e-01
