-2.280174954744829674e-01
1.000000000000000000e+00
-3.742974323143435367e-01
-7.983300092059546493e-01
-1.324476209144001548e-01
-9.523866644787333247e-01
1.000000000000000000e+00
1.000000000000000000e+00
7.537283577937992085e-01
-9.062285794174570475e-01
-1.000000000000000000e+00
5.379008829075331288e-01
-6.366888440962101825e-01
-6.275229971438684995e-01
1.000000000000000000e+00
-7.439623709673583996e-01
6.729321820922893327e-01
4.231332670069393731e-01
4.094695127712379423e-01
-1.000000000000000000e+00
-2.190109071856599643e-01
2.773619957123833052e-02
9.381473680387999448e-01
-1.599630825967324199e-02
1.343247190654456302e-01
9.713998006465703883e-01
4.695477285582559390e-01
-4.530967992891611895e-01
-2.287054972577132195e-01
8.711996194180613440e-01
5.378391774544195592e-01
1.161063474488344127e-02
7.481069945871943183e-02
-2.559358093414903501e-01
-6.613032811208607864e-01
1.000000000000000000e+00
-5.326295874792023044e-01
-6.777617309247115918e-01
7.233439303793434139e-01
1.946903411443188237e-01
1.162866948147266988e-01
1.633449342143184491e-01
1.000000000000000000e+00
-2.135573638235215288e-01
3.364537241175136195e-02
1.000000000000000000e+00
-1.000000000000000000e+00
-4.780417790688576418e-01
9.658568570995199609e-01
-4.981447174833075753e-02
1.000000000000000000e+00
1.511508077140034101e-01
9.343468324047715656e-01
4.521209632862153160e-01
3.116465446638517767e-01
-8.245465511805074588e-01
-5.564407062567063855e-01
-5.366937914721249259e-01
5.540283348273927766e-02
7.121590436421026959e-02
-7.123774567704360683e-02
-1.000000000000000000e+00
8.151892303375209980e-01
-4.167142616066814576e-01
-5.121415634137332917e-01
-4.321389080792465975e-01
-1.975973434162429099e-01
7.222710362956216157e-01
-4.144076176751807505e-01
1.098589113664774075e-01
-3.296183047024681123e-01
-7.293485334244975693e-01
-1.060580993263110505e-01
-9.725389887470141659e-01
-3.659620126827211606e-01
-4.420693734989531443e-01
2.692711761507543544e-02
-9.692922737845303116e-01
-4.715771202034002574e-01
-5.660920054625404596e-01
8.961285689590237080e-02
-2.308972064480951381e-01
-2.123843393442344518e-01
-1.421074875934391080e-01
2.448778013734776993e-01
-7.965760131926877818e-01
-8.436381622616104803e-01
4.171358725280727153e-01
6.976083946196973695e-01
-4.711585844638340181e-01
-9.966193671815937183e-01
1.000000000000000000e+00
-5.263990378513113688e-01
3.505846341696448043e-01
7.415444763909242454e-01
-6.912721821861325111e-01
-6.235135125795573385e-01
5.016651213968122969e-01
1.000000000000000000e+00
5.017590284882283980e-02
-1.271458901744109971e-01
8.329020921648351283e-01
-2.402599042213937608e-01
4.950525138448432783e-01
-5.581764447528507755e-01
-1.000000000000000000e+00
-4.934529388595105259e-01
6.567310895578039043e-01
1.387221322888501085e-01
-6.084365926878658737e-01
7.938385706204575953e-01
2.571347684677052214e-01
6.685902147126949746e-01
-5.034117449979399472e-01
1.000000000000000000e+00
1.000000000000000000e+00
-1.000000000000000000e+00
1.000000000000000000e+00
9.954884367843339632e-01
2.064840109701330251e-01
-5.465834292705442632e-01
-2.639406164544018663e-01
-6.569793162711201617e-01
9.732069856284890630e-01
1.000000000000000000e+00
7.646464841647110378e-01
3.525684316516876082e-01
6.970209308595995967e-01
2.948545055309189644e-01
-4.403885670710405709e-01
1.370213753387816147e-01
3.047503970096975268e-01
4.427445669074357992e-01
9.016252107933139248e-01
-1.000000000000000000e+00
1.185796941250654435e-01
-8.695096058771989433e-02
1.000000000000000000e+00
-4.831044401296568647e-01
1.000000000000000000e+00
7.873329105444570875e-01
-7.287257260181456697e-01
3.014695618631048069e-01
1.000000000000000000e+00
-4.437361220726091515e-01
8.839732051881330488e-01
-6.279551061719621519e-01
8.437344032977822650e-01
-5.425138610153731333e-01
-2.820698438391211482e-02
2.651593204151150851e-02
-1.688935252176486657e-01
-1.000000000000000000e+00
4.391112449224576775e-01
4.251921680411024917e-02
-1.000000000000000000e+00
-7.054454233403362196e-01
1.000000000000000000e+00
6.491127313621518624e-01
-2.037443209787015430e-02
-1.024490650080644993e-01
-3.580619327816905173e-01
8.500255423920033415e-02
1.000000000000000000e+00
4.094648679606193720e-01
-7.798409599240579970e-02
-6.843092239385717424e-01
-1.000000000000000000e+00
-7.409497337690976737e-01
-5.182332561711084917e-01
-5.169269828810287848e-01
1.000000000000000000e+00
6.505407679012847888e-01
-2.147433804459897289e-01
7.507875325059253369e-01
-1.000000000000000000e+00
3.036391483425636695e-01
-1.767469912458130565e-03
8.174332034400602076e-01
1.000000000000000000e+00
-5.265153174569136008e-01
-1.000000000000000000e+00
6.276841073860293108e-01
-7.415457563907683625e-01
2.696722257593515693e-01
4.528458065145274380e-01
-5.140001276291181753e-01
5.822011990042481600e-01
3.238592662609587336e-01
-3.131653002933543761e-01
5.193001709914191188e-01
6.284729810463198785e-01
-1.000000000000000000e+00
-7.433055995998638643e-01
2.762199910289930838e-02
-1.000000000000000000e+00
-1.949231328709105648e-02
-5.519794550071193129e-01
-6.190465053789538930e-01
-1.000000000000000000e+00
-1.000000000000000000e+00
3.537703298939521845e-01
5.381905631250819555e-01
7.118178398758702174e-01
-5.529074904297621718e-01
-5.619373948660378870e-01
1.140508880520262336e-01
-7.484123674155157557e-01
-1.000000000000000000e+00
8.093331312596429017e-01
-7.093589107897334545e-01
4.341341858084041272e-01
-4.073249890150829056e-01
5.714677478566732027e-01
-3.211138648045075428e-02
7.701019417347529927e-01
-1.000000000000000000e+00
1.000000000000000000e+00
4.946226502878974252e-01
2.916787711567869756e-01
-1.000000000000000000e+00
-9.600999357132511403e-01
4.033407143970736408e-01
1.000000000000000000e+00
8.605900675249363863e-01
5.084302556804252138e-01
-6.661862437438120788e-01
1.713255233248120457e-01
-2.203439931820540820e-01
2.665599748738627373e-01
8.679151621227283453e-01
3.828912541138936865e-01
9.276974619627498253e-02
9.965469048988689904e-02
-5.296911178286363153e-01
-3.045540008898096618e-01
1.000000000000000000e+00
-9.299387457991223904e-01
-4.807601964951929707e-01
5.331319173719022420e-01
-8.104335696034059566e-02
-1.914758882442448851e-01
1.000000000000000000e+00
5.143140276475237638e-01
-1.000000000000000000e+00
-1.000000000000000000e+00
1.000000000000000000e+00
5.240973804806263736e-01
7.919943272151991343e-01
4.130668979658582707e-01
-8.876756687251983191e-01
2.408554555160037913e-01
1.000000000000000000e+00
9.143979290829028217e-02
-3.294663512877876732e-01
-1.941998516926621288e-01
-9.037858293196893156e-01
9.169283500392474973e-02
-1.231140142549943806e-01
-6.483819997673125890e-01
4.756034160926048693e-01
-1.237986441704366503e-01
-4.420854293010990643e-01
1.000000000000000000e+00
9.477086271637448212e-01
