-1.000000000000000000e+00
8.540462576370334846e-02
6.637229484684278313e-01
-1.295572590059312634e-01
1.000000000000000000e+00
1.106890250868392961e-01
9.237897101606312722e-01
7.184850695321929326e-01
-1.000000000000000000e+00
7.706971690698256605e-01
8.385056685669786125e-01
1.000000000000000000e+00
-5.350668330881971357e-01
-1.000000000000000000e+00
-1.320801972323326634e-01
3.513106972970487796e-01
2.305300033263948112e-01
-2.284490141201054036e-01
7.196733826864207817e-01
-2.123423009797142935e-01
-6.241988997353677959e-01
3.360125360970731556e-01
8.798706045469626424e-01
2.023995759107141135e-01
-1.727385652787306602e-01
7.771311157382662094e-01
-4.528102771085046330e-01
5.549496229426105209e-01
-6.605106339194741771e-01
-1.262278076195277876e-03
4.647128982881798542e-01
-6.646456005441452319e-01
6.443677031218554285e-01
4.499931828217096363e-02
4.358031596209318570e-01
-7.981542998772257480e-01
4.502769600839879871e-01
-7.051064317684530014e-01
1.000000000000000000e+00
3.575574315902699252e-01
-9.004388801320513114e-01
1.000000000000000000e+00
8.535110663031630907e-01
1.633575098273170600e-01
1.000000000000000000e+00
5.510267385339340240e-02
8.660829597504895450e-01
-3.322744848547216634e-01
-1.039317617092060941e-01
-1.000000000000000000e+00
-4.001083536004399477e-01
1.000000000000000000e+00
-2.094189107822652107e-01
-4.439283267198625982e-01
8.455109887965162052e-02
-1.000000000000000000e+00
-4.413576621384541765e-01
-8.099304837050089745e-01
-6.745459001238357510e-01
-8.142095666104968155e-01
-5.245863223029754163e-01
-1.029168840643968075e-01
8.064163635345381609e-01
3.447142051666862717e-01
-1.799878205899648198e-01
2.790583103407949239e-01
-4.051194123669384917e-01
-1.348768282177131850e-01
-3.694262508875503226e-01
6.734337384439514906e-03
1.000000000000000000e+00
-1.365795942411800468e-01
4.779817211755545969e-01
-1.000000000000000000e+00
-5.207321347704252368e-01
-3.176191506413461596e-01
-1.000000000000000000e+00
-3.085390632803378663e-01
-1.000000000000000000e+00
1.000000000000000000e+00
2.360847367818978970e-01
5.669748259958553582e-01
1.000000000000000000e+00
2.625054947188776300e-01
-6.106463058103267505e-01
8.668739253670435518e-01
1.301769786983531518e-01
1.620182045543819283e-01
-4.467533368307992636e-01
9.550349760619558648e-01
-1.000000000000000000e+00
2.262096924277545718e-01
1.244357238907256580e-02
4.797648634959488234e-01
7.001396889570394855e-01
1.000000000000000000e+00
5.212516712106449734e-01
-3.509842131498582818e-01
1.000000000000000000e+00
8.540582802180665123e-01
7.724836104419283700e-01
-4.210412186409135948e-01
-1.000000000000000000e+00
4.339441732982618483e-02
-1.807516401303048692e-01
-5.335871220940555659e-01
7.565214938996767113e-01
-5.973420855785939176e-01
8.195993986983083346e-01
-1.062801575144360910e-01
7.730053946788850716e-02
8.062272138990236314e-01
9.433705722726491993e-01
7.848473090190750678e-01
3.747940846490440125e-01
-1.000000000000000000e+00
8.070354282202851781e-02
-6.511063676596435812e-01
6.804455291832347541e-01
-5.824386770295364446e-02
3.788719742222790288e-02
9.126970667032716644e-01
-6.960943439977035352e-01
-6.127542954526503660e-01
3.718768748633000665e-01
-3.210058324357972781e-01
-6.395085081095089885e-01
9.295958295077886291e-01
1.000000000000000000e+00
1.000000000000000000e+00
7.743497136035046857e-01
7.177017457269102563e-02
-7.207979828225710150e-01
1.000000000000000000e+00
-6.710254022297781340e-01
7.613561690038168628e-01
-6.696829016278182944e-01
-5.393702739003323199e-01
3.048221286115675999e-01
-1.819404275388203374e-02
7.154787137683624731e-01
7.634206307361317556e-01
3.949612940561231245e-01
1.527408102741424356e-01
-8.601576169744190592e-01
7.856267694150778080e-01
1.554046515569875164e-01
9.631092596115489179e-01
-9.584219968342684304e-01
-1.805666834937962317e-01
-9.051156840336348486e-01
-1.000000000000000000e+00
-9.763436128183597962e-01
3.868436829644508190e-01
-7.383018123070999028e-01
6.315208400986673798e-01
-6.296841120443266160e-01
9.181569991400957420e-01
1.000000000000000000e+00
-1.496959932932965254e-01
5.328094885001755099e-01
2.215585760198708343e-01
4.267691811892431186e-01
-7.438317313266631370e-01
1.342121188765499351e-02
1.000000000000000000e+00
1.068020300849950310e-01
-6.360968556139299235e-01
-6.708414891788032630e-01
8.287809357568332036e-01
-4.496042115054328381e-01
-9.301020524897032349e-01
2.545209762532987807e-01
-1.000000000000000000e+00
-6.742619495704786914e-01
-1.000000000000000000e+00
-8.700392794007187902e-01
1.000000000000000000e+00
1.000000000000000000e+00
9.930919684846484241e-01
9.462980830255870446e-01
-4.663625737536927773e-01
-5.571547847267654952e-02
-3.818481343017853247e-01
-1.402372638195235055e-01
-6.602765488581865405e-01
-6.931460021786517434e-01
1.000000000000000000e+00
-6.892867168063521177e-01
-1.000000000000000000e+00
5.731155281768753884e-01
-6.206779900429976182e-02
-7.540515963080969275e-01
8.891484834175003016e-01
1.640107709390592472e-02
-9.028035386112794880e-01
7.181874377992836234e-01
-1.618231576407710426e-01
-1.941276009374958145e-01
-1.000000000000000000e+00
3.620090804165398968e-01
-7.389422992760614761e-01
-6.258684512858492255e-01
-1.000000000000000000e+00
6.750580247971682546e-01
1.000000000000000000e+00
4.605387248219747209e-01
-3.915536739132552402e-01
4.962911856143262801e-01
8.639940906993632819e-01
2.630622503229274045e-02
-4.346868171915052592e-01
-9.711282899084549003e-01
1.000000000000000000e+00
1.000000000000000000e+00
-7.766700292042783005e-02
3.108389400234327637e-01
1.000000000000000000e+00
5.719636614196287328e-01
6.889001790801756453e-01
-1.000000000000000000e+00
9.450510163097217697e-01
6.949429955888799526e-01
-2.538356654725205663e-01
-1.882094413507040542e-02
-9.234757966926401274e-01
-1.000000000000000000e+00
6.595688199659313078e-01
3.420906354014893735e-01
1.000000000000000000e+00
-1.688196132941688354e-02
8.511644075868940451e-02
1.440247975552346738e-01
8.286238325434840402e-01
6.346227168357598813e-01
-1.059590670755144182e-01
-8.485555111461249300e-01
1.000000000000000000e+00
-6.886846496829635011e-01
3.327099611309281002e-03
-9.667019201670523643e-01
-2.484235744401050994e-01
-3.878535566969572024e-01
5.408194824300993631e-02
2.967654890059849837e-01
1.930829658374873525e-01
-5.294302292701170698e-01
-6.040037085459201149e-01
-8.863006387537345487e-01
-7.236812792945996886e-01
8.206950966397875691e-01
9.141720371806925094e-01
-5.649467222796854537e-01
4.255211043431222362e-01
6.095025142658396788e-01
-8.039036779736463689e-01
-4.088590542037384701e-02
-9.673733941425011196e-02
8.354477112293698937e-01
-2.027288528750021968e-01
-4.941365265603274715e-01
5.828523770450306785e-01
1.000000000000000000e+00
1.000000000000000000e+00
-3.243596243583046768e-01
