6.008888953206870109e-01
5.237839064943092815e-01
-7.710219028379647899e-01
4.586662305985453880e-01
-1.000000000000000000e+00
7.488511766688290550e-01
-8.875271445040411322e-01
-6.385473331944391262e-02
3.388319050239885222e-01
-5.134027556067546350e-01
1.259925788727982443e-01
-1.620416364109054097e-01
-6.464081423602001664e-01
6.604811815736755243e-01
-8.711837882413036027e-01
4.049528342276713655e-01
-6.418939685177635912e-01
7.853329003985143331e-01
8.611718188942022456e-01
7.453690560466346149e-01
-1.000000000000000000e+00
8.304574632834011982e-01
2.584315109519255138e-01
-6.730556380036145647e-02
2.311011604151607113e-01
-1.552843739266596135e-01
-8.686493142213680407e-01
-8.651224073949836946e-01
6.907097562728314877e-01
3.144211380518606713e-01
-9.670353317532631721e-02
3.359043426650185071e-01
4.372115321625063000e-01
3.527002003276915598e-01
9.199797009801062853e-01
-7.759165504504761390e-01
-4.646370462555755587e-01
1.000000000000000000e+00
-6.883447143859888762e-02
-7.482605938055455486e-01
4.382190945322537168e-01
1.262194837857524288e-01
-2.238498892801961127e-01
8.133493786984962171e-01
6.879080075059957888e-01
-2.040497474244191700e-01
-4.693572422373963882e-01
8.526527441885192182e-01
9.884487372308825570e-01
1.778721650008718846e-01
8.943607109344840767e-02
-9.196595164965071234e-01
-9.829354675730055391e-01
-3.412824336793185420e-01
-1.324736753267807821e-01
-6.888705621623381070e-01
2.616883813442325568e-01
6.216336417786001434e-01
4.695610683397049012e-01
1.000000000000000000e+00
5.513876457775568340e-03
6.750138404853227581e-01
4.296234093017798905e-01
4.331545782039549763e-01
-7.805316001686248839e-01
3.958242339271327292e-01
-4.427250348131532842e-01
9.110745888490190403e-02
-9.594141072593771469e-01
8.045520148639109248e-01
-1.000000000000000000e+00
9.709545300233848319e-01
8.894198507082068383e-02
4.826333129935693744e-01
2.747916601423243677e-01
-4.894320094231972007e-01
5.357827625405002792e-01
6.208234870408793071e-01
-2.925620827597910090e-01
6.448264288344465189e-01
4.964538883774289868e-01
6.489582717723541005e-01
6.503812690111592243e-01
6.855132180989464974e-01
5.441445755043146093e-01
8.444967328573642629e-01
4.186617962363814449e-02
-7.589517764980631132e-01
-9.013911515760342219e-01
-3.642237447020451047e-01
-9.281953674803309351e-01
5.781924299372143139e-02
-1.616843671415235661e-01
-4.014762827423590252e-01
8.941154440100795853e-02
1.000000000000000000e+00
-2.007870804150565514e-01
-1.880957569303647325e-01
-2.562221743379762273e-01
3.265044162690058371e-01
-5.814482212735649913e-01
9.618061367844796816e-01
7.910951663404366396e-01
1.272735360120468284e-01
8.549205705367857178e-02
2.421288487171440185e-01
5.413152788269914861e-01
4.019739862315261369e-01
1.326408168239252561e-01
2.500129593386906102e-01
3.783849383551659007e-01
1.262772656282908357e-01
6.810995197428351133e-01
-1.000000000000000000e+00
-5.240883752266649598e-01
-4.672265798334412357e-01
6.474592087948116692e-02
6.687958948260626091e-01
-7.025400835845942993e-01
1.546688841222565447e-02
6.069828089688906747e-01
4.521192529120872106e-01
9.288882493989314426e-01
-7.942561285466480658e-01
-8.611994411216290501e-01
1.612622082856849381e-01
4.509550556141104227e-01
-3.733255572751110751e-01
-4.974263646690206819e-01
9.038708952184881795e-02
-8.609289574324721084e-01
4.836961135081696561e-01
8.015430681429829285e-01
-1.000000000000000000e+00
5.427787282002831670e-01
5.370616238044549906e-01
9.815098999035847260e-01
5.768784181369472908e-01
3.450906041205883401e-01
-2.393837135237382174e-01
-3.793008093177407947e-01
-9.269653032097706635e-01
9.660513678405919791e-01
1.850187600803496757e-01
6.454326777966317152e-01
3.024098016762730712e-01
7.220010322869110375e-01
-3.859270023320958143e-01
-5.296707214630385074e-01
-9.195868469162784553e-01
-4.443309490298619213e-01
6.532944128125885985e-01
-9.999280088355468887e-01
3.856087826963279785e-01
5.882704460377319311e-01
-5.901945701605861849e-01
1.779382269563596353e-01
-8.348797467523079163e-01
1.000000000000000000e+00
6.685244332612538809e-01
2.059306112241540143e-01
6.476329578508324136e-01
1.228341108757211586e-01
2.031883004965708839e-01
9.654374737451134614e-01
8.224494871869342250e-02
4.474085123404931696e-01
1.390826122543122045e-01
-8.825679427121588816e-01
3.407315120371083861e-01
9.477542952871007564e-01
7.004498399597844926e-01
-4.317232071586518671e-01
7.154634949412435052e-01
-5.603503431632697040e-01
8.063568670005882844e-02
9.442623653330706190e-01
-4.621231374351113530e-01
9.024139701225952770e-02
7.548845948588849275e-01
-4.383072921648212272e-02
5.775530611223596011e-01
-7.835952452114258726e-01
-1.402087487996585002e-01
-4.304752979786276024e-01
9.862635452432695349e-01
3.860108628799057140e-01
7.601455365980509526e-01
-4.830190427424605470e-01
-5.437238293799939726e-02
7.920005893289534527e-01
-5.696025321352617965e-01
-5.437291707844584820e-01
5.502696107401683356e-01
-8.401336689927652035e-01
3.738059233339201537e-01
-8.501014085245270913e-01
3.766896538514168391e-01
-4.438902579565472961e-01
1.784985684227320402e-01
7.972084163303985171e-01
8.809313460155394626e-01
7.204270906594754109e-01
1.861456975198128028e-01
4.593819266289167480e-02
1.000000000000000000e+00
9.366306226319760508e-01
-4.762456346571362076e-01
-4.013194097636755275e-01
-8.497441380080765772e-01
-5.547518045624595384e-01
-6.172760308935174578e-01
7.170364989682156409e-01
8.137519996802664579e-01
-5.230555879256271190e-01
-7.600964590845000757e-01
-7.238684288268579792e-01
-1.000000000000000000e+00
-1.551001677065688700e-01
-6.302867644784211354e-01
8.486324807565943651e-01
-3.182218370165108556e-01
7.121461102700942236e-01
2.340327900276959472e-01
4.256438055747469029e-01
-4.993661449382196249e-01
2.018724358694486964e-01
2.134126730264267469e-01
1.691756625926130742e-01
-4.654451656872842236e-01
7.234295600495150858e-01
-1.840985871587814682e-01
-7.194047611420328892e-02
6.766350964664902268e-01
1.000000000000000000e+00
-1.398967980612098039e-02
8.413009434861273839e-02
9.697625260017159743e-01
2.379320278220912466e-01
1.356580139191334577e-01
-5.846272512799599586e-01
2.305226833037107015e-01
7.297089391208197995e-01
5.653846024022244343e-01
5.489043691577135675e-01
-4.032639465622831487e-01
4.799215389332656123e-02
-2.552262735841379637e-01
-1.970208185485338159e-01
8.440843057498246260e-01
2.913728909328410221e-01
4.775967474731541706e-01
2.864038989556393355e-01
-6.003041500420325249e-01
-9.102026874330304551e-02
-6.029478572770601286e-01
-8.476246372126852169e-01
-3.870993356292591336e-01
9.886226013712193783e-01
8.277365617585472624e-01
-1.602690073782351288e-01
7.404863537498869164e-01
-2.463452020936494069e-01
-9.670186206430742004e-01
9.242209454584577877e-01
