-1.000000000000000000e+00
-8.887230608854703728e-01
-9.148436237941879323e-01
-7.121865532899265272e-01
6.783255661354641308e-01
-4.100277269895136190e-01
1.000000000000000000e+00
-5.141313952436172841e-01
-1.000000000000000000e+00
-1.000000000000000000e+00
9.311628863325356331e-01
-7.378169912992793567e-02
-1.000000000000000000e+00
-6.136280717056908918e-01
-6.565157739314332330e-01
2.948251359172184283e-01
-5.932802361823213966e-01
-1.822527445010271308e-01
-5.999126371385317125e-01
8.791445991972868246e-01
3.418918077510840758e-01
-2.969538744594282242e-01
6.237934014017538775e-01
-6.838443157545784357e-02
-9.569716788880808789e-01
5.472762113029276954e-01
5.281434670307676438e-01
-7.609526553403943572e-01
-1.000000000000000000e+00
4.993920248209107182e-01
-5.662596456225255093e-01
-5.434294663287653204e-01
-6.832011855097634978e-01
4.792732986972821907e-01
-1.773852336886150849e-01
-4.704803404649632870e-01
-8.072851518488954881e-01
-8.620123742214160778e-01
2.092339240675869794e-01
2.596636563469359449e-01
-7.001328100551390543e-01
2.128367557723090941e-01
1.726154653786795556e-01
9.826560713142522552e-01
-4.402965447655626807e-01
-1.000000000000000000e+00
-1.000000000000000000e+00
-9.046884074583698698e-01
8.248220054753618857e-01
2.691594808888347345e-01
5.911778632196119654e-01
-1.528221513242649099e-01
-6.948502011377415410e-01
-7.168663044676417684e-01
-7.865326917575445886e-01
3.034748950218035812e-01
-3.975732699516962843e-01
3.609614105728001232e-01
-3.326123753242488101e-02
1.000000000000000000e+00
2.091113744775832117e-01
7.862690020491718279e-01
3.758808665961698159e-01
2.985625829229242995e-02
8.816919693111791023e-01
-1.000000000000000000e+00
-1.000000000000000000e+00
-8.849558313717265090e-01
4.135754160053447537e-01
1.000000000000000000e+00
5.537894992911843728e-01
3.169890724549089267e-01
-2.884318886590242492e-02
-3.027911669167671072e-02
8.183825954672103720e-01
-4.105279741845496710e-01
7.053440682100966530e-01
-9.035210492713333652e-01
2.213753525008248513e-01
-7.429782559789446239e-01
2.377806765118668508e-01
4.232348747719174020e-01
1.000000000000000000e+00
-2.011666321351793796e-01
3.125626147480463635e-01
-8.419046433749782787e-01
1.267918919095680774e-01
-6.837823971779219967e-01
8.275403773273799501e-01
-6.485574327204755019e-01
1.000000000000000000e+00
7.125135213212970831e-01
-3.803083998176936542e-01
9.025881614653366025e-01
2.005669573068642464e-01
6.391976419676945742e-01
-2.668665692928247068e-01
-1.000000000000000000e+00
1.000000000000000000e+00
-8.542856423920768272e-01
4.198725458926885201e-01
1.000000000000000000e+00
6.544202143730299959e-01
7.505310065559310795e-01
-1.000000000000000000e+00
1.000000000000000000e+00
4.741856473596383070e-01
2.036764690201931238e-01
2.170413822534760229e-01
4.818550391264884158e-01
-1.511365234375020017e-02
-5.029474190843239434e-01
1.000000000000000000e+00
6.090465494231165344e-01
-1.071020134209696995e-01
-1.374156336516626498e-01
7.249439976197645796e-01
1.083446829699636904e-01
2.925066422314698267e-02
-5.515900968429561235e-01
4.018397295519280377e-01
2.036874451933981534e-01
-5.545661000171779875e-01
3.905458861675756843e-01
-1.000000000000000000e+00
7.082284903591123948e-01
-5.742508827109771286e-01
2.437485280541227262e-01
-5.964515627486521865e-01
1.422209872016633181e-02
1.282250760131093403e-01
-6.107928679711337461e-01
1.940631854504015763e-01
5.841115276566106740e-01
-2.954834473575453924e-01
6.368428266705794538e-01
-3.382572873183044004e-01
-6.512093304570112373e-01
8.941278783321985335e-01
1.000000000000000000e+00
-2.041497198338608210e-01
3.338000528715280857e-01
-1.000000000000000000e+00
6.944260200746730227e-01
1.985605799169715135e-01
-4.278526222947085511e-01
-7.097297517923262244e-01
-6.485155094466731329e-01
1.000000000000000000e+00
-4.632459374860682377e-01
2.467506877238101470e-01
-1.000000000000000000e+00
-3.645800030333870012e-01
4.179534139495160172e-01
-5.187638220370794917e-01
3.106428458961885131e-01
6.149902988937288040e-01
6.316486902715474638e-01
-1.000000000000000000e+00
3.797101891746070823e-01
-4.054124720077044164e-01
-1.984713831295958908e-01
4.916064089434540874e-01
1.000000000000000000e+00
5.211298388153517980e-01
3.340147558212612777e-01
-6.778271189688880871e-02
1.757345003273509398e-01
-8.519927130598501375e-01
4.328974360719655134e-01
-5.276114779154276180e-01
-1.937007473544183345e-01
1.148831938208920711e-01
-3.722119785994104646e-02
9.246716825735769030e-01
-3.475286951104202271e-01
-3.515524118612344262e-01
1.000000000000000000e+00
-1.000000000000000000e+00
1.000000000000000000e+00
3.166588149619803394e-02
-9.419626351465054670e-01
-1.000000000000000000e+00
5.562900702763786676e-01
1.000000000000000000e+00
-9.768402546524623808e-02
9.044001585488528061e-01
2.535750122261746231e-01
4.439799765201450366e-01
4.603786934054863306e-02
-6.258794484820466852e-01
-3.256100228388500994e-01
8.493107919523845695e-03
4.137674720524917582e-01
1.555488109501768079e-02
-7.629627602254612784e-01
-1.000000000000000000e+00
8.167518501747060844e-01
5.287046841874781800e-01
-3.938994150183974252e-01
-9.714494822281312114e-01
-6.102381506048476512e-01
-8.817057492425797172e-01
1.000000000000000000e+00
-1.000000000000000000e+00
6.432302420621667238e-01
1.000000000000000000e+00
6.068381408885852313e-01
-5.849559502474914741e-01
2.297406007239703174e-01
8.058785288567904548e-03
-4.205795513201058267e-01
8.820074011365569566e-01
-5.336047278270835692e-01
1.877392535880561264e-01
-6.235500523919970117e-01
-4.044112221031896381e-01
9.784481723196869485e-02
5.206306293185769540e-02
-1.000000000000000000e+00
9.243353587048241948e-02
-1.000000000000000000e+00
1.000000000000000000e+00
-1.507440418625897727e-01
7.835221344632600227e-01
2.562834643127108181e-01
1.000000000000000000e+00
1.228166301381497238e-01
5.192841695758156906e-01
8.436787097977441752e-01
-1.000000000000000000e+00
9.663539237265650339e-02
8.511640668809261623e-01
1.000000000000000000e+00
-2.655450949473633360e-01
1.067599178437753371e-01
-1.000000000000000000e+00
6.942789337452162091e-01
7.136021189727355107e-01
1.000000000000000000e+00
-2.008433100853805331e-01
1.000000000000000000e+00
4.336049330713330208e-01
1.000000000000000000e+00
-6.363399020249821403e-02
6.631848898135264125e-01
-6.826554859276268150e-01
-1.000000000000000000e+00
1.000000000000000000e+00
-3.220930949878604288e-01
3.899133075799992021e-01
4.987152564970145363e-01
-7.808495485321419460e-01
-5.527761843778838946e-02
1.000000000000000000e+00
-8.181372545603642354e-01
-3.057452149455514023e-01
-4.461046318019840085e-01
1.006956191091867847e-02
-1.923660506666343417e-01
-2.947377929558208098e-01
5.183132707144805229e-01
5.503672731455155898e-01
5.639899051031157517e-01
1.645034628572369373e-01
