-5.305867917200108863e-01
1.000000000000000000e+00
-6.679584764383397211e-01
4.466573237749349445e-02
1.687755684400642497e-01
-5.244569410925610242e-01
-8.803246211024686740e-01
1.179103301694970352e-01
3.791423482476129481e-01
3.253936642802848223e-01
-1.707234973903470898e-01
1.197013134425033432e-01
6.778782458293788338e-01
-3.279152945092345117e-01
-9.028330285783110476e-01
6.939753690651185858e-01
2.289274778948329203e-01
6.977741349192029263e-01
1.000000000000000000e+00
1.000000000000000000e+00
8.373091989481969977e-01
9.324658605324329663e-01
8.806898752271787867e-01
-1.000000000000000000e+00
3.251163975219444335e-01
-1.000000000000000000e+00
-8.241801670317765449e-01
3.610992575176783514e-01
1.788458337831325684e-01
-6.345812381939912594e-01
-6.019394890556140076e-02
-1.000000000000000000e+00
-9.606306966257656121e-01
2.516107893852983501e-01
9.064302155277417228e-01
-7.048270456379395199e-01
9.814485140264606056e-01
-6.059152407873980017e-02
7.783333126806217805e-01
-9.617195290612925440e-01
1.135079019279601198e-01
6.450040609781817480e-01
-8.225636866603442954e-01
-8.798924810529187290e-01
1.184464862521696915e-01
-8.725975372413481423e-01
3.310640121368728650e-01
-7.937093500734699880e-01
-7.354161130681418079e-01
8.201398379138216121e-01
-1.552523612901322014e-01
9.607441317814093829e-01
1.385979274492279423e-01
-2.933308467172010547e-01
1.278300277896059489e-01
-1.400161789401668522e-01
-1.915067172339390833e-01
-8.325803883468905209e-01
-9.801409663809013129e-01
6.978209465663973710e-01
-1.399551153874246112e-01
-7.701009426872171826e-01
-1.641654771031708648e-01
-9.415537987302222689e-01
-1.294497770730296260e-02
5.249074881695763306e-01
2.941083154721551018e-01
-1.948417013822050237e-01
7.246031288754960498e-01
6.488381705797705568e-01
1.222488647339336348e-01
-2.588232954488285387e-01
1.724200909486208744e-01
-1.880822163812088110e-01
-7.815837559969804893e-01
3.301963765884128876e-01
-4.698880435836818581e-01
-3.705070774280156964e-01
1.185719699070421490e-01
-1.000000000000000000e+00
-6.107724153364340047e-01
1.000000000000000000e+00
-1.583588841602650010e-01
-7.834078715708150398e-01
-4.913963457449525007e-01
5.128003334949686742e-01
2.341765525369849943e-01
6.561437071582499891e-01
8.269330089660749117e-01
1.829245644931468684e-01
8.600951051323375562e-01
-2.685153625621825024e-01
-6.042819573552988821e-01
9.513402832242601193e-01
-6.395490125417371274e-01
1.000000000000000000e+00
3.083477443477078417e-01
-2.121033400637408750e-01
-1.000000000000000000e+00
1.329498865538942809e-01
3.547016325077438914e-01
-7.456573853831653942e-01
-3.352924180229421847e-01
4.436504582134587205e-02
1.000000000000000000e+00
4.702864086872640681e-02
-8.038154785603690566e-01
1.478845955575819326e-02
4.196825459973168027e-01
-9.622861528627675298e-01
-7.070514212883958205e-01
-4.800818322069583810e-01
1.000000000000000000e+00
-4.698642159641022165e-01
-9.637257957077509651e-01
1.906545985753904660e-02
-5.700281792939718706e-01
-1.000000000000000000e+00
1.000000000000000000e+00
-5.777299929597836670e-01
-1.807711940510970949e-01
3.484351662923276249e-01
-8.278572216133960326e-01
8.592037183192398342e-02
3.505136961849344424e-01
-2.434462210383117053e-01
4.216386750755772850e-01
-8.624949252553468781e-01
-1.000000000000000000e+00
-6.288604268594150115e-01
1.482172216188677449e-01
5.102148417612939468e-02
-2.668810049135947882e-01
1.000000000000000000e+00
1.024202300300137702e-01
1.000000000000000000e+00
7.211863208639219813e-01
5.568478567667085599e-01
-3.281999958768757608e-01
-6.677008077112851492e-01
1.000000000000000000e+00
-7.708654548214386448e-01
7.632154883023765102e-01
6.309075092275692187e-01
-7.988414295443818647e-01
-6.119637875708374697e-01
7.317337590049906026e-01
-9.720908075314443897e-01
-3.762520763024950199e-01
-3.700177822064597555e-01
-2.091891536022822962e-01
-5.867455454304180140e-01
5.573899932640524746e-01
2.164158915237668346e-01
-1.536960976832926207e-01
-8.397453279165927320e-01
4.224480661231444500e-02
-8.735172629353080698e-01
-7.307691624215650883e-02
-4.986925051478168225e-01
-5.797649664333972552e-01
-1.000000000000000000e+00
1.760421132110459030e-01
1.000000000000000000e+00
-8.282542214122114999e-01
6.073801483911955845e-01
9.521468743946275293e-01
3.046470239710041827e-01
-1.105885394121397525e-01
6.807134295888743747e-01
9.828707261033036158e-01
6.424681886952230414e-01
2.145724056151615544e-01
9.219967883935478170e-01
1.000000000000000000e+00
1.467548999493040185e-02
-6.845366933067318360e-01
8.925769693813473404e-01
5.544428530989709003e-01
-3.337127880413275349e-01
-5.731210048553627701e-01
-3.753923543920827388e-01
9.061576156287727279e-01
5.656204091887568897e-01
-2.126084225784699022e-01
1.000000000000000000e+00
7.300780832995639180e-01
-9.658755711748412409e-02
-1.562018257935490484e-01
-6.351372096984723159e-01
1.000000000000000000e+00
3.692196323688488047e-01
-3.923464289899640800e-01
4.430449909721145829e-02
2.303534770077475535e-01
2.819611084168271997e-01
1.608982174982980240e-01
1.000000000000000000e+00
-5.769023923533229681e-01
1.059316145450086566e-01
-1.000000000000000000e+00
-6.896919501654252826e-02
-5.586170154862755144e-01
-4.219755216060971925e-02
6.657500867006702627e-01
-1.000000000000000000e+00
7.959152254723587117e-01
-3.877594102159369061e-01
-1.000000000000000000e+00
-6.754683065899544925e-01
-7.209264663490327907e-01
-2.688585572025827819e-01
9.860918009350492230e-01
2.975891560373735700e-01
9.553292845182070891e-02
-7.904456678709177453e-01
3.657010846030648299e-01
7.997597824328315230e-01
4.992135228938643365e-01
1.815717980929985875e-01
8.819883897364222403e-01
-7.539980387940239392e-01
-8.437600482670739588e-01
-5.003452856064605214e-01
6.093523380519163535e-01
6.965750414500389009e-01
-5.668920416298954823e-01
-3.559018236036304295e-02
4.268076465510011186e-01
2.087127590408688338e-01
-8.733132386526655244e-01
-6.137449872083535762e-01
5.635887241638024570e-01
4.247511211952021970e-01
7.374888558114094383e-01
-7.247042163234533874e-01
-1.112319537875843256e-01
6.368299055249817542e-01
-1.044926610011567281e-01
-6.889969089777701061e-01
3.134471292556575417e-01
5.808549397275823978e-01
-3.966639451393301208e-01
6.287122485020815166e-01
-3.141413324983965971e-03
-9.162478276803971422e-01
7.294468009713378498e-01
7.373774274948800000e-01
-2.400350528560886154e-01
8.636708531922832055e-01
1.000000000000000000e+00
-2.498988953351051201e-01
1.000000000000000000e+00
-5.334154017688669258e-01
-8.379965737541172910e-01
-8.925410318509137131e-01
8.928880610901384074e-01
4.125050351231985823e-01
-5.033652392982383983e-01
6.135272544557381913e-01
-4.373012281623616104e-01
-3.108130516474207905e-01
-8.903830227482973925e-01
8.170163858307135651e-01
-3.313534163792154486e-01
