6.574607601946498292e-01
1.000000000000000000e+00
4.875310010251427961e-01
-4.997205863976608153e-01
-6.803364219090330955e-01
-1.887918916994199003e-01
-9.788512886004270275e-01
5.163848651410278823e-01
-6.012346974175253322e-01
6.966074693391981487e-01
5.780441162497860219e-01
7.225727273298933051e-01
-7.429362512159327636e-01
-4.067089440633082642e-01
-6.801705562098330216e-01
1.994523000472443464e-01
8.406812447587741488e-01
-4.288488208877749841e-02
3.958905156527985358e-01
-2.961659470793429616e-01
1.000000000000000000e+00
-8.261472262644100617e-01
-8.128536018973191446e-01
4.838278831582670803e-01
-1.145420581150121686e-01
-4.621060721782812575e-01
-1.898364021762479759e-01
-9.166233196982409570e-02
5.390102379976318137e-01
-3.084902664934806582e-01
2.023365967767245532e-01
-1.000000000000000000e+00
-1.000000000000000000e+00
6.318115505790531383e-01
-3.623649987573562825e-01
2.022714300003092269e-02
-1.182275080995003336e-01
-7.868632568624754908e-01
-1.657373748480708286e-01
-6.762280457897805741e-01
2.840851056131681873e-01
-7.724957713010045524e-01
-5.036579408032433314e-01
-2.819239019964210335e-01
5.566321559055399382e-01
-6.109274738382810543e-01
3.020323675602273328e-01
9.494900504701475619e-01
-1.000000000000000000e+00
5.446871970268194474e-01
7.853016236166648900e-01
1.000000000000000000e+00
9.081929597236909624e-02
-4.949063788211173209e-01
7.452229846793154699e-01
-7.922529467118089030e-02
-6.811423383400005971e-01
1.341154890434228530e-01
-2.783761274650116135e-01
4.128584358127457277e-02
3.479682505362408640e-01
-2.424617532433241684e-01
-2.401648553683234932e-01
3.074829566049528395e-01
-8.431322111060874924e-01
-1.362808936106474356e-01
2.548993010696654071e-02
1.311995774131045067e-01
4.826454374295594540e-01
-3.632943717532934880e-01
9.034116798137261650e-01
-1.671633454380991868e-01
-5.659404185534072651e-02
2.122380548763851404e-01
-9.892809083716985752e-02
-3.054072347319475300e-01
-7.994938494137369123e-01
1.000000000000000000e+00
-1.000000000000000000e+00
1.918700315480008634e-01
6.938408093091408269e-01
9.179732999213712219e-01
-5.124866558917046122e-01
-8.667236629502141909e-01
4.368250092657866013e-01
-2.303432307318076244e-01
-8.359840374816014386e-01
-3.681522802558377938e-01
5.838552167252679670e-01
-6.436617043690225914e-01
-7.680954092129572697e-01
-8.755857639652244728e-01
-4.105420567535678078e-01
5.440321069651461450e-01
-9.475039485032135111e-01
-7.220749690756249617e-01
9.531873763623988083e-02
-2.873745142913270989e-01
-7.400388408088609538e-02
5.804296893393787737e-01
-7.982054992905536217e-01
-7.196124888516997054e-01
-9.301473123816079713e-01
-5.926072560074928663e-01
1.000000000000000000e+00
9.696766013749238411e-01
4.495804336695052861e-01
-4.091230491243897927e-01
-8.686559371020665665e-01
6.524181171294742843e-01
6.512999565742656483e-01
9.113352380058283853e-01
3.302314765103047112e-01
6.590530364634166194e-01
-7.913627052766027958e-01
2.877374432364048218e-01
-3.803201415197321467e-01
2.651954078912474033e-01
-5.164162026163809927e-02
7.746324604974952344e-02
-9.029763969353796771e-01
-5.034533858863536882e-01
6.145663072306777330e-01
6.754035461228060644e-01
1.648721015716934635e-01
2.838818742991231492e-01
-3.623338138278779930e-01
9.408616354362984158e-01
1.000000000000000000e+00
2.789153953139162923e-01
-9.310381053155825093e-01
8.785439278232773930e-01
-4.591479320529956443e-01
-9.138225303759248686e-01
1.303686260479788306e-01
-9.736528224931551012e-01
-2.684828924747902912e-01
5.275020935219183471e-01
6.656201741768733582e-01
-2.049944360289440715e-01
-8.932818164382954063e-01
-4.650329312238075108e-01
1.182986595309453159e-01
-7.485595164775615817e-01
-7.384696515821442819e-01
1.762598766783715631e-01
-5.687646660017855460e-01
4.115560163999967269e-01
1.000000000000000000e+00
-7.271912773766333604e-01
1.905171079941545553e-01
-5.639779813052925306e-01
3.626492453058820509e-01
-9.614082826042777974e-01
1.976798336875724704e-01
-9.020638846806972033e-02
4.142437763301660691e-01
1.000000000000000000e+00
-4.534433501786883092e-01
-2.469038135395140721e-01
-6.686788221844246483e-01
-2.488369051611867278e-01
-9.704174441773458781e-01
7.538367835244530468e-02
4.784125416396209918e-01
-8.856093722899804899e-01
5.872276518278407575e-01
6.663673930526934353e-01
7.019121177448996995e-01
-7.476095800627542420e-01
9.493656964864070069e-01
-7.649992056583985178e-01
8.917552695739301427e-01
9.611457542620998051e-01
-4.353863177924390815e-01
-3.394057380429782445e-01
-5.989231659869131974e-02
-2.856707649486434075e-01
2.505587537573452095e-01
8.343040663061455087e-01
-9.174095791435976643e-02
8.559196780877111888e-01
7.329951409856132472e-01
-7.429316826100620386e-01
-8.145961136885793152e-01
8.464607180315142365e-02
-7.428554360491141928e-01
-4.030959456708200772e-01
-9.095756884858019475e-01
6.646529168636283735e-02
-9.733019104851359238e-01
1.112945724586984486e-01
3.621519529521854963e-02
1.000000000000000000e+00
-6.342809448850206255e-01
-9.227660934272214899e-01
-9.630407672406178232e-01
6.256774930814831825e-02
-4.049559514847803632e-01
5.848312123744825453e-01
-7.267884037331695524e-03
-1.083725236658177327e-01
-6.818321503976483289e-01
-7.287906600925309064e-01
-1.000000000000000000e+00
8.092190079160561655e-01
-3.270938390381750160e-01
1.000000000000000000e+00
5.275411586468166103e-01
7.654767112556304376e-01
-7.122270168866648987e-01
1.379578488617492216e-01
5.307819727060716364e-01
-7.357390613070435847e-02
4.057448066775001805e-01
-8.370518555543029482e-01
6.502171982707368736e-01
-7.438576495356650220e-01
-6.231590924648391372e-01
8.510397530912496844e-01
-6.166940130147740007e-01
-5.449023676450941434e-01
1.000000000000000000e+00
8.582026183649598128e-01
6.528951133130977968e-01
-1.000000000000000000e+00
-9.447316657762041547e-01
8.804681361874841516e-02
8.587871265334374726e-01
-2.739865597934818542e-01
4.998606577653839089e-01
-4.395281616464670194e-01
6.876017068906390417e-01
6.343636884834435996e-02
7.273435840354262050e-01
6.060997309184315007e-01
-1.320904403774574298e-01
9.435043748062557079e-01
-5.392105096791584007e-01
-8.494490374354364270e-01
2.560953595613524314e-01
1.000000000000000000e+00
-1.567079655211787159e-01
-2.833397201847938640e-01
7.592633871969545201e-02
-1.979741721434329360e-01
-6.175223085455755490e-01
-1.336318010827152181e-01
1.985801869769391881e-01
-8.714945561122917628e-01
-9.234331487915419245e-01
4.963387850896290310e-01
5.622933990563276918e-01
1.000000000000000000e+00
6.923042631751004095e-01
-3.938056976701411194e-01
-3.123416689260801182e-01
-3.617796191479369927e-01
4.971785057622122306e-01
-1.591792725342111581e-02
-6.712459440489311202e-01
-8.444659863738208649e-01
1.126144705498783871e-01
-2.550778744642231421e-01
-8.794753005313478145e-01
