2.467132293084590700e-01
-7.670151569300861505e-01
-3.709691145287761227e-01
1.466637039358535954e-01
-9.191093662251310636e-01
2.422440437401964797e-01
4.642769312416785699e-01
-4.716124745295139364e-01
-6.186672884829926833e-01
-6.936453383311003140e-01
3.669335444316264017e-01
4.385731960824033049e-01
-9.739699475790623839e-02
8.086768548657030653e-01
-2.367624265822027008e-02
-1.366760373834674525e-02
-6.212038244695395894e-01
1.826566098117318182e-01
3.323073735218771141e-01
-6.199858475150148429e-01
-8.731112115062228396e-01
-6.802342127410223593e-01
8.109346856623316224e-01
2.341402464395322958e-01
5.549194521704436944e-01
6.466811555119700294e-01
-8.313440441810500126e-01
-1.005379778185122586e-01
-3.724862000572795040e-01
3.762566276481904559e-01
-7.041873212623124267e-01
-3.007881476474766891e-01
-9.879445765150807190e-02
6.965525157392342681e-01
-9.839235286910219536e-01
-4.076037324638939197e-01
1.953708341693622674e-01
-7.443269947928534691e-01
2.464137448106950568e-01
-2.996888012565757098e-01
3.368259819195974503e-01
1.000000000000000000e+00
4.143177274304969959e-01
4.961540730158563450e-01
9.050371580372094105e-01
8.463880839939763590e-03
-9.704129802114576098e-01
-5.364474677517261370e-01
-7.835394481396213973e-01
8.894606609456587876e-01
1.446414179473000938e-01
-4.737395194721196745e-01
-3.295792725933130995e-01
4.879256187523495214e-01
1.706369224141446317e-01
-2.189304839498401878e-01
-2.554605784694869985e-01
5.279793344737251370e-01
2.970543312307998285e-01
1.759061514049300445e-01
2.666664405058447596e-01
1.000000000000000000e+00
6.879311610773011232e-01
1.000000000000000000e+00
1.004346739728363413e-01
-7.234585126156656276e-02
-2.598494536308741942e-01
9.370089531973218033e-01
-8.722297371857066217e-01
4.484539460648684361e-02
-5.353998657747613965e-01
-3.213403570672925258e-01
1.252917501767853437e-01
8.860044047623377717e-02
-5.048734274405909384e-01
2.989720294619906404e-01
4.168504934564500886e-01
5.657424863759229483e-01
6.105261902399383711e-01
1.000000000000000000e+00
-1.319259352010803688e-01
-6.896726958620595926e-01
-1.000000000000000000e+00
-4.648930808162243800e-02
-9.316877556321969678e-01
-3.184548224170424824e-02
-8.377534033701899974e-02
6.319466818239262151e-01
-8.281182342202886293e-01
-4.088145085461480921e-01
1.000000000000000000e+00
5.919685702142232220e-01
6.522641252434051573e-01
-4.783010707089331293e-01
9.350114195239704884e-01
8.784641797748262704e-01
-8.528779709158759714e-03
6.242079928121886390e-01
6.799762504878748004e-02
-6.267159919601341667e-01
-9.113774125394902281e-01
7.890283880666296712e-01
2.784312727816798949e-01
2.329599400616979565e-01
1.000000000000000000e+00
-1.000000000000000000e+00
8.403715452365561056e-01
3.691483790040268609e-01
-1.000000000000000000e+00
-1.000000000000000000e+00
2.187460292999837130e-01
-9.038106229129968527e-01
7.067954692125105742e-01
-9.286286597533915943e-03
-4.929699699202902963e-01
5.852945978857519993e-01
-2.310815128344716474e-01
-1.000000000000000000e+00
-6.317789640869595491e-01
-4.623450608153479857e-01
-2.737971023190454156e-01
6.050118281887217897e-01
5.173019884494336473e-01
-7.193776657389909790e-01
-1.856636008476233446e-01
-3.941564637379439962e-01
-6.881081334895353674e-01
-7.913060670887361869e-01
1.225700519910126740e-01
-1.000000000000000000e+00
9.607020292428813946e-01
-7.521228977612486322e-01
3.716058304497569242e-01
-5.384416979769026668e-01
5.184906504004973549e-01
-1.000000000000000000e+00
-1.689297566931402539e-02
-2.372163002866075066e-01
2.506399995913512480e-01
-5.817530423635148829e-01
4.183986175746441383e-01
8.736903256781416993e-02
2.649825332254573951e-01
1.000000000000000000e+00
-4.340262925114493076e-01
7.849341468349682049e-01
-2.616829890445215301e-01
-6.018957630506227563e-01
2.060978199278412637e-01
-9.233839502079888018e-01
8.721665665322775318e-02
5.651884780002083275e-01
-4.783982974285194700e-02
1.949180618674862253e-01
4.141420307949954527e-01
9.051497798451495491e-01
7.735230000126893657e-01
-5.981856548406594420e-02
-4.381245498241670422e-01
-9.128810190931369029e-03
-5.124826375287598879e-01
6.368583864949266538e-01
-6.514762529739979158e-01
-4.033230301531676165e-01
8.010823698220510547e-01
-6.359040593586593459e-01
8.648949258291120934e-01
-8.117188231354393047e-01
-9.909226021724416578e-01
2.565117810708672508e-03
-9.396306159145328962e-02
1.000000000000000000e+00
-3.789727799598935354e-01
9.186993910963094923e-01
-1.000000000000000000e+00
1.000000000000000000e+00
-2.866152105996760957e-01
4.103836028077245679e-01
-1.961400906728781313e-01
-8.202147479418768761e-01
7.688110906781590870e-02
-9.752478205250714183e-02
8.193530913052720077e-01
4.022457585993053364e-01
-5.653794002887874148e-01
6.661681628604160244e-01
1.000000000000000000e+00
6.947856662214155765e-01
8.064926714069442504e-02
3.070451328894270304e-01
8.002589241564330713e-01
-2.476064737513572478e-01
1.052384347157005323e-01
-1.000000000000000000e+00
5.202603643256717980e-01
6.698134371701602863e-01
6.157057218762130857e-01
4.029378339013938159e-01
-4.496851478550280001e-01
7.534167662117752240e-01
-1.000000000000000000e+00
-1.144781796542706509e-01
7.773764260708007079e-01
5.584313564977299027e-01
5.734855037681526602e-01
-8.919024510267256067e-01
-4.473001872172785998e-01
-1.000000000000000000e+00
-7.748849794647780787e-01
-1.000000000000000000e+00
-1.000000000000000000e+00
-9.108439386942981386e-01
8.476022434911646419e-01
-9.436403056835602765e-01
8.766764661090791222e-01
-4.722900029415446621e-01
-1.000000000000000000e+00
-1.920506998219997097e-01
-4.321566564027379265e-02
1.000000000000000000e+00
-4.112357579488828407e-01
1.000000000000000000e+00
6.215001338410528486e-01
-4.264363364004188917e-01
-2.381547274250341018e-01
-5.878642899753352413e-01
8.318082255047410944e-01
-7.875348200839671353e-02
8.633840295686057154e-02
9.654706311834063692e-01
-3.692910385009000596e-01
4.315771420479583842e-01
1.000000000000000000e+00
6.003562783641758216e-01
-4.464491599074376094e-01
7.846488532753759237e-01
3.929260670110213960e-01
-2.774458177172958173e-01
-1.760097900912893643e-02
4.913336607373846587e-01
1.699612598950772657e-02
1.057054994781095880e-01
1.000000000000000000e+00
8.015792448476022347e-01
4.290752353297668797e-01
-1.520024715200165577e-01
-1.000000000000000000e+00
9.111327988837563119e-01
6.603593123478790350e-01
-4.439286063524813808e-01
4.351129217470057764e-01
-1.000000000000000000e+00
3.450599562868574832e-01
3.141091597721445972e-01
-1.000000000000000000e+00
5.273528886528213722e-01
-3.584614355219346571e-01
-9.477113422662102327e-01
-7.661191720386553161e-01
-8.393913754402815286e-02
-1.000000000000000000e+00
-1.000000000000000000e+00
3.316539988601381328e-01
-8.161953254478360176e-02
4.714408246511823108e-01
