5.761640359526554178e-02
-7.851827133386024560e-01
-9.239487327621704882e-01
-8.009644535267546051e-01
8.645769661330970912e-02
-5.858428052096866789e-01
8.177531520533964926e-01
-3.229529575768486094e-01
-9.711197471317265517e-01
9.841311699987587147e-01
-4.388605696133018874e-01
-4.327250491879386374e-01
8.147817937481309780e-01
-9.833159288464354830e-02
-7.184525169136382061e-01
-4.392373924894026338e-01
-4.826359022407438748e-01
-3.952534552370579046e-01
-6.517472010172031816e-02
-5.806053972575142552e-02
1.175406116813968449e-01
5.434371382622287250e-01
-5.829835460006212999e-01
-7.204607935687357134e-02
3.399802073114119860e-01
3.368545391706392333e-01
-8.861929957762664234e-01
-9.503775437438644058e-01
4.994344233524777299e-01
-3.590667038121726495e-01
-5.097884282430000802e-01
6.160292810751066828e-01
-5.662228006297487237e-02
-7.605488149624972660e-01
-5.014318108701998344e-01
1.000000000000000000e+00
7.233379108371376098e-01
-2.010276221009676956e-01
4.957962507663971063e-01
7.213784428279756966e-02
7.544766183339026711e-01
-3.431695123486697141e-01
7.670967771276007152e-01
-5.414723406957089313e-01
9.413363071897387080e-01
3.254298375496946782e-01
-3.168129630824645382e-01
8.223696631435701843e-01
-3.960987178480734894e-01
-7.835618469792067220e-01
-5.769565502429467863e-01
-9.814679971216906385e-01
3.840617574425393421e-01
4.164360808545526371e-01
-5.670795283308491808e-01
-4.695198936902329478e-01
7.602171854571666554e-01
8.557388817339830478e-01
-3.189275048246877908e-01
9.449130226673361221e-01
8.313602579180527918e-01
-5.772770176013997112e-01
-3.261968834092918712e-01
9.848714173524273363e-01
5.306627195913959927e-01
-1.465590929186417757e-01
-7.176238791228650715e-01
-9.618308094179481849e-01
1.439792537260251581e-01
4.513052414243379218e-02
-1.322204299102535119e-01
-7.842626594845693022e-01
-4.746529884033965363e-01
-4.312273032438145304e-01
9.828449846462250505e-01
8.158558260094690429e-01
3.931013075403764212e-01
-1.000000000000000000e+00
5.389858103357315633e-01
7.913450744181409480e-01
1.771224046019399534e-01
4.053127073901152677e-01
7.012237744622740188e-02
9.682871174087297472e-01
9.335603058971173596e-01
-2.873181489183143089e-01
-4.321036104479900608e-01
-5.397934088122489094e-01
4.953224697770530760e-02
-2.290891622322879240e-01
6.541635390622011492e-01
-4.398113739531503419e-02
4.008787623443903492e-01
-1.000000000000000000e+00
8.036828490520848689e-01
5.799609529411635656e-01
3.659882288882163603e-01
6.674616697757331796e-01
3.647946604960587980e-01
8.525999624953444211e-01
-9.043326098598265528e-01
-7.048614089902538460e-01
-6.291801730632431422e-01
-3.152942942841290286e-01
1.449909424959401338e-01
-2.322650320883814512e-01
-5.536445779696164138e-02
1.000000000000000000e+00
-5.915796755881587154e-01
6.088605500282828764e-02
-9.202228957387894592e-01
-6.052337629443971245e-02
3.185420729096555270e-03
1.117177205752273306e-01
4.493927039010852109e-01
-6.524318250004403907e-01
6.470236662598130017e-01
-8.761335475137923545e-01
5.181212907037169302e-02
-9.339742208177000959e-01
4.941073673804217137e-01
-5.581274666141102792e-01
3.989645158692747273e-01
5.166814510042048170e-01
-9.156546059851693453e-01
2.626664817982029554e-01
-5.625429768098053618e-01
7.147435102420269804e-01
-3.072896870248893464e-01
-1.512427489233547639e-02
5.270879476120129414e-01
-9.843262162505406199e-01
8.731362493126251234e-01
5.614799316047585087e-01
-3.744630803318031997e-01
8.169669134751200712e-01
2.977831185968615735e-01
-2.203159219983544248e-01
-3.111129390919078475e-01
8.075417199793091250e-01
-7.802596034112740941e-01
-7.068028629843052801e-01
-5.973882792950762077e-01
4.703298365369827927e-01
9.296417146925939345e-01
1.792176616324303584e-02
-4.021166556384216939e-01
-1.254487076646257915e-01
8.293537994519606382e-01
8.257960777521642370e-01
1.811658629776315976e-01
-2.256963763864654471e-01
7.282292701220297593e-01
6.054765760006642905e-01
-6.772123738970181606e-02
8.461518546676043417e-01
-7.987917694244306421e-01
-8.248819218398983910e-01
9.135163521926263908e-01
7.002956520244045802e-01
-7.924879238440163398e-01
-5.650867614016552576e-01
6.276564882548421043e-01
-6.423998580969572103e-01
3.063823048851741504e-01
-7.833110781877793416e-01
1.367684417390706564e-01
4.221681678443800489e-01
-5.122035106323552522e-01
9.605976130794704471e-01
-5.298336538653640737e-01
9.013222332535870684e-01
-5.810437568761361860e-01
4.892228728243190883e-01
6.431868072228863475e-02
7.901398405946369330e-02
2.327975019974624638e-01
1.494550659410533999e-01
-1.180468995972208113e-01
5.136639910054956459e-01
-8.173048253017589637e-02
7.024747213197934936e-01
2.751343624187481129e-01
-2.332585740371568850e-01
2.415386431150829960e-01
6.055410976809698642e-01
-5.407240452552906224e-02
-9.863740115588046642e-01
3.032569150620609277e-01
1.325173210378814970e-01
-5.035162945493103503e-01
6.437689502174892553e-02
5.392896760176306703e-01
4.191818363932742209e-01
1.000000000000000000e+00
6.426265825980879143e-01
6.376905470870792847e-01
7.607397470996923872e-01
2.772653777094296057e-01
9.903417004705106219e-01
-6.236110873135836119e-01
-6.089461386252037478e-01
7.255368540433089208e-01
4.491386298427963997e-01
-9.001029365812496241e-01
-5.470150783862091082e-01
2.746975885896434377e-01
-4.930942083647253948e-01
4.621476704611695574e-01
-1.000000000000000000e+00
-8.989601242359603894e-01
5.500307714949626003e-02
5.008473987106771830e-01
9.432360589365009762e-01
7.333224939932376785e-01
3.966655176721154419e-01
-8.856194847233653800e-01
5.312607415640584474e-01
-4.809359695632131615e-01
6.675800906897619846e-01
1.327136178668000266e-01
3.742417117683220495e-01
-4.988402885350673444e-02
-4.674004907217601534e-01
-6.973015982983312711e-01
6.316050063970075623e-01
4.345095833763701343e-02
3.431111990857971250e-01
8.006104988007647361e-01
9.943543679493687115e-01
3.087933382270087179e-01
3.964469065189930586e-01
9.865793507253173278e-01
8.302151880277397478e-01
1.000000000000000000e+00
-8.643365625375147854e-01
3.203413662400727002e-01
9.037572711762635880e-01
9.694365919468972415e-02
8.301627836468157273e-01
-1.782401879308865844e-01
1.923580144734771125e-01
-9.124416170895772726e-01
8.227052075441618761e-01
4.661875466664521239e-01
-9.202323479033047704e-03
-7.620590769589028479e-01
-3.418365336492032447e-02
-5.057209154185247080e-01
-8.048119519128413835e-01
-4.635323160669257980e-02
8.652949155981068952e-01
-7.489956907663135599e-01
1.000000000000000000e+00
3.909496795624645138e-02
5.500573991659429840e-01
1.323952757360216115e-01
5.061628840612795166e-01
-8.023214028080027926e-01
1.591840481669914986e-01
-6.493575967385825098e-01
-4.642958852275966830e-01
-5.114395332132892769e-01
9.725264275124583246e-01
-4.473835086506641190e-01
