2.652906084617658866e-01
-5.171199475797763068e-01
-3.453612485844055335e-01
8.501488181606313699e-01
7.345896484556957429e-01
2.038711753883695188e-01
-7.855640153489296118e-02
1.000000000000000000e+00
5.309549470779160174e-01
-2.502750483187310415e-01
3.950111202248944853e-01
2.831378344186503693e-01
-8.789532308433376517e-01
-9.576253448097176157e-01
2.984627164382021025e-01
9.928039454423835952e-01
-5.308650892839937852e-01
5.054061365706654652e-01
-5.057071499307059792e-01
-3.186209001592985590e-01
-3.750933198574790683e-01
6.717864017284913558e-04
-3.712675052893579242e-01
9.999984083937123458e-01
3.047651227406271701e-01
-7.532405793990537557e-01
-4.951289638562061945e-02
-1.088184922204462612e-01
4.912938746175827820e-01
5.401987721765793005e-01
-9.183172967046222546e-01
5.947530834692644763e-01
-8.907667698905668008e-01
2.868667648154379357e-01
-7.078043642742577468e-01
9.399540706311055871e-01
-5.274420348669301983e-01
9.040405154817841016e-01
4.851250692340751680e-01
7.215735404831846722e-01
-8.882255202721014431e-01
-2.045035689013154911e-01
4.659087600649338690e-01
-7.261417485478680600e-01
3.242222738439963781e-01
-7.228061622620218785e-02
7.107529560571665961e-01
-5.459066764979310094e-01
7.621633018863824827e-01
4.039195131976900388e-01
-2.200639020776118393e-02
8.758470612009312539e-01
-8.669796735924624187e-01
-1.000000000000000000e+00
-5.306455817975750389e-01
-8.645959890055663344e-01
-3.455870610169520241e-01
2.558251422347692650e-01
7.557366590580256727e-01
-1.000000000000000000e+00
7.961116751751677878e-01
5.314198972860013637e-01
-1.527722526547581339e-02
-4.787000398680769653e-01
8.324979114206982889e-01
9.925780632684944038e-02
-2.161953781843584110e-02
2.800633257789564290e-02
-3.021486204775405415e-01
7.963744166940109892e-01
-7.691488421247976159e-01
4.942183711492271758e-01
7.701342200194183363e-02
5.255387996636868841e-01
-5.904068736268999196e-01
1.454854735227197882e-01
1.396066071263546426e-02
-3.563658389173118834e-01
-6.058677060321879804e-01
6.493632288618986781e-01
7.414127520392277404e-03
6.909669396307780431e-01
-9.706354265359753430e-01
-8.874035189757312203e-01
-7.569386156500272911e-01
4.104888210741362009e-01
-1.937714079880059614e-01
-2.010844639989731730e-01
-9.756907407221033779e-01
5.429602487413363043e-01
-1.636770341219850877e-01
7.291978617427752329e-01
-7.048437051884917093e-01
-6.505871594120102852e-01
4.187478626273851701e-01
-1.579566458889929415e-01
2.661494472574446046e-01
-7.825720840414757129e-01
-8.395386366734971517e-01
9.442039974906979438e-01
-8.433500530090487501e-01
-1.000000000000000000e+00
8.372394815494652587e-01
2.531108035561199232e-01
9.364961143667278609e-01
8.786127935230532149e-01
-9.559746042483796558e-02
6.704487385662856180e-01
-6.935505565067707767e-01
2.874037738869927860e-01
-1.000000000000000000e+00
-3.064560373316616015e-01
8.876802470359774766e-01
3.212648519382979573e-01
-4.146026102831590343e-02
4.546390331460390399e-01
-4.998884391552577133e-01
-1.354282022364852178e-01
-4.215428196096677738e-01
-8.315509461667773827e-01
1.082263682084805834e-01
9.333657921711160377e-01
1.000000000000000000e+00
-9.750008649456862742e-01
4.256969234919665279e-01
-1.858834755660263571e-01
-7.621053489378390999e-01
5.856007891000105658e-01
2.408202227838420750e-01
-9.281749316734022592e-02
7.080811441420018504e-01
7.215160999757297411e-01
3.961290263305401460e-01
4.604800843719771830e-01
1.758744493609126769e-01
3.748704657843748844e-01
1.658604516325254963e-01
5.530760351861697677e-01
-2.828074720249345031e-01
7.471621101576400026e-01
-6.168648951960866711e-01
-8.320694648798820925e-01
-6.903658469248694640e-01
-4.553882264222972043e-01
9.713939530413713275e-01
-2.757403150430648431e-02
9.721884738166732820e-01
8.035809898543633256e-01
8.331246448551687944e-01
-3.421600096911827649e-01
1.397446608036935767e-01
3.973778764837352373e-01
-4.433344176553668525e-01
-2.714965350265600708e-01
8.437035766493949929e-01
6.025544481849471889e-01
-5.367279771955648648e-01
6.190099405485254280e-01
4.627295081523672415e-01
-4.613502333700512104e-01
-3.317582166222414752e-01
9.436664767112041829e-01
-2.714482958723845041e-01
7.024948000251793889e-01
-8.906200121703806705e-01
4.953138694958740817e-01
-1.000000000000000000e+00
-9.604277765878528328e-01
-1.032562729787789291e-01
-8.205641722465368826e-01
-7.125062231774847987e-01
1.156177045533597347e-01
-9.197780872603389390e-02
8.531141602497902543e-01
3.591060939168499999e-01
-5.465665376523658470e-01
-3.383614431740691320e-01
-8.362976849808334556e-01
6.813367100948952704e-02
-1.655820404356954101e-01
8.652351784193478279e-01
-1.845141987535225958e-01
4.321809435053505233e-01
8.361098005793787813e-02
1.327137824442008451e-01
4.228749293145999122e-01
9.824103756559260381e-02
2.840249539151947222e-01
-5.227622828672735533e-01
6.128725122997247254e-01
2.757303275128157871e-01
-6.040030844816474120e-01
-9.856513944480789213e-01
7.392563064082160462e-01
2.012645254106104620e-01
2.106430913649808279e-01
-7.137111696769073976e-01
-1.000000000000000000e+00
-1.000000000000000000e+00
6.078809382178724796e-01
-7.644730855334280761e-02
-7.663849763593140185e-01
1.303788000819974258e-01
-1.361210429620569595e-01
-1.552130835098284312e-01
-2.145477895880540387e-01
7.795300019123980739e-01
-1.166551553170702693e-01
9.307926365647991584e-01
-6.646530097732210596e-01
1.800272439423733495e-02
-8.873311410071726968e-02
5.012571413246686980e-01
1.000000000000000000e+00
7.470233871455194130e-01
-1.086058413534130018e-01
-1.000000000000000000e+00
6.952367342550229701e-01
9.591181037555140954e-01
-1.000000000000000000e+00
-9.160931421105836803e-01
5.573904637831328390e-01
3.786424775125352138e-01
5.680012445006525912e-01
5.249106914728618456e-02
-5.414220220097418768e-01
-5.048875639141998661e-01
5.513798849745219499e-01
9.797688560136064151e-01
-6.242638969530793780e-01
4.089192158828192092e-02
5.684921813349068653e-01
4.642384201058915583e-01
5.260634144651810118e-02
4.984177568596254160e-01
-2.815287779848838490e-01
-2.179826561638815718e-01
-4.903123282893140922e-01
4.661825159600030410e-01
7.174789183655962965e-01
2.736201294785709504e-01
8.652327433512647659e-01
1.148676108132749007e-01
9.999702943566237678e-01
-3.049207157553441849e-01
1.000000000000000000e+00
-7.221081216261571178e-01
2.387720375644593052e-01
4.869210012432796386e-01
4.801673584246710647e-01
2.478394785016575508e-01
-6.822563926534037648e-01
1.237840052572354299e-01
4.343888066255847669e-01
-7.284141545724261979e-01
-7.151001344602243570e-01
-5.117952686899418513e-01
1.216757729465746951e-01
-2.001916465883746277e-02
-9.473848721891962033e-01
-2.148442608320355607e-01
-6.015589374540974976e-01
-2.969980047661735512e-02
8.972515294307503719e-01
-9.201248512397569579e-02
