-9.811685738062028150e-01
-9.733200647506952130e-01
2.633381932431377859e-01
4.891658398129110630e-01
-1.000000000000000000e+00
-7.185770382707932225e-01
-7.745134145589513963e-01
-4.802069562724864404e-02
-2.136572304015207369e-01
9.289256183160109481e-01
-7.655286280875925886e-01
-3.980025175209279120e-01
6.023935012767935859e-01
6.297168225490273885e-01
3.327065059241044453e-01
-1.000000000000000000e+00
5.895755931064172728e-02
9.555248488296588238e-01
-8.367569963601793059e-01
-5.583949709829025831e-01
5.178154760571354043e-01
-3.326282323877238767e-02
-2.597071930903905312e-01
2.422031972296470048e-01
1.000000000000000000e+00
-2.387242705030285239e-01
-7.065601786529962514e-01
-5.914221268954495958e-01
3.769585328942717251e-01
6.355581269764609686e-02
-9.987968292997815301e-01
-9.753153361878094119e-01
-6.476670058271412067e-01
1.693301046867711768e-01
6.318821889205512576e-01
1.000000000000000000e+00
3.742221386097832614e-01
-3.898443105674902487e-01
-7.238436658611797636e-01
9.446314455883848549e-01
5.012550895589575894e-01
-1.965116909828834579e-02
-1.801816139975040421e-02
4.048017809120990629e-02
7.926542752000520498e-01
-1.000000000000000000e+00
-4.128820120754461698e-02
4.707668610811815979e-01
4.224963654610248698e-01
-9.417734412376856934e-01
-1.069745398982286932e-01
9.919062435951437884e-01
-2.605827226530559315e-01
-6.484788976183675224e-01
-1.832173365735647597e-01
-3.173015074718803508e-01
-7.484345783200907487e-01
5.169451219004659315e-01
1.000000000000000000e+00
1.000000000000000000e+00
-8.900497171226524618e-01
-1.000000000000000000e+00
-3.832617659247854469e-01
5.612432075209932147e-01
-2.538975600045523251e-02
-7.746349793675617601e-01
7.230425898838068743e-01
-9.681144861266124391e-01
2.571556786052907606e-01
-1.000000000000000000e+00
3.008267192130533729e-01
-9.646312984757781095e-01
-1.000000000000000000e+00
-4.316065062003868746e-01
6.307051944402735089e-01
-1.297815378975177847e-01
8.389474015786657635e-01
-3.558622809707895351e-01
6.097449884873769044e-01
3.298849417005640383e-01
5.506046873219722082e-01
-8.340335803018974481e-01
1.000000000000000000e+00
-6.936996793225382874e-01
6.595810284453900163e-01
8.319435982311926825e-01
8.000627082840828797e-01
7.909543411197450524e-01
4.535551928825931611e-04
9.716046074115665121e-01
3.006413681029839191e-01
4.864347245372704354e-01
5.094708921234207821e-01
-4.039848711608904352e-01
-9.056106757496134030e-01
-5.210021990362436739e-01
-1.000000000000000000e+00
7.280972722219674065e-01
-3.359781353580213459e-01
-7.196054000634739545e-01
-6.660607037473211811e-01
-4.286662130402352222e-01
6.836329696363290243e-01
2.536543356607309785e-01
3.717235796560054428e-01
5.262518489615510831e-01
1.000000000000000000e+00
-9.658012511223432739e-01
-1.000000000000000000e+00
-3.443134749490017743e-01
-2.947444774940115586e-01
-8.656032627301963878e-01
6.259371080473219440e-01
-7.132105128867105570e-02
1.000000000000000000e+00
-9.695253855729986103e-01
-1.318271508018709071e-02
-5.299016137640051305e-01
1.509237140108226072e-01
1.017010602030032906e-02
-2.009412824161496136e-01
-5.306528957561562621e-02
-7.225760224751380800e-01
-8.839049016730036179e-01
2.675874470069834477e-01
1.000000000000000000e+00
7.223079900404290044e-01
-2.991859601346589237e-01
2.182634834239767230e-01
6.381999362743873139e-01
9.834531585179240309e-01
-9.452803880978304374e-01
6.134350640282313361e-01
5.469543485900876245e-01
-5.486350452441575154e-01
-3.118420798099515445e-01
3.100764595839855531e-02
-2.127993858447139175e-01
-3.204187588737776871e-01
-2.624893078353267573e-01
1.947242975704197576e-01
-2.162527345206358698e-01
6.294277602706841446e-01
8.391490458054784440e-01
-4.619407797339458721e-01
-1.000000000000000000e+00
-7.483951634982077827e-02
-1.000000000000000000e+00
-3.080828048878681003e-02
7.028916344531661586e-01
-3.183232350729801596e-01
-1.386003712474868643e-01
-1.000000000000000000e+00
-8.352755703641351337e-01
1.000000000000000000e+00
-1.585019742368642959e-01
-4.177178800204077169e-01
-7.524536962365906412e-01
4.030174119882814487e-01
6.038315235944016757e-02
-1.000000000000000000e+00
-5.826015557076718032e-01
8.323182674995749375e-01
5.098636791757389375e-01
-2.218395086309687958e-01
-9.823380157445404937e-01
-3.108404864854483751e-01
-3.979325838911753621e-01
-5.799565496472693926e-01
-1.000000000000000000e+00
-2.466072798452501047e-02
-3.617408495397376189e-01
-8.403370331834136842e-02
6.246412626308162075e-01
-1.000000000000000000e+00
5.354411851508991127e-01
3.698368601677606282e-01
6.515910046030199965e-01
-2.212975831665042747e-01
4.629306848088714510e-01
2.276095774615045642e-01
-6.710927447735572926e-01
-9.351703489827039029e-01
5.345964220728883776e-01
2.892879164210215848e-01
-2.443919759642099176e-01
6.615787153152241640e-01
-8.219826145317057353e-01
6.731020856367019300e-01
-1.616163494533822131e-01
2.415514054492393647e-01
2.807717910230485003e-01
4.200487039235656916e-01
-7.899640887366876640e-02
8.382758598980346587e-01
-3.652713597968750836e-01
5.392220223564864190e-01
9.985580818976913520e-01
-5.125104815962708837e-01
5.969111295073756818e-01
6.379821253651583035e-01
3.718092809854205427e-01
9.897029141040691869e-02
-3.327581564478637177e-01
7.059594504923849545e-01
-6.202790051931494908e-02
1.334503209436793680e-01
-4.599543755363183495e-01
-3.779268485555657420e-01
8.195582844204853945e-01
-7.119490319935479761e-01
-9.437237660509140147e-02
-2.043938099560991262e-01
9.082992340243143392e-01
4.256928305652967204e-01
-1.760879599859546119e-01
-2.211028762827507155e-01
-9.821730541098516731e-02
5.274541737658169360e-01
-2.569482353180618794e-02
2.258235463009496957e-01
-1.000000000000000000e+00
-8.248796758719445510e-02
-7.864215805612895238e-02
1.000000000000000000e+00
-1.801081180703811846e-02
-1.909998346841497163e-01
-1.920841387664031785e-01
1.000000000000000000e+00
1.000000000000000000e+00
-1.000000000000000000e+00
7.038452762277449537e-01
-6.962899535904343296e-01
1.489503326402781547e-01
2.095536923284466724e-01
8.861233001706816381e-01
3.768499432147180972e-01
7.223334350016394900e-01
6.632845033769807497e-01
-4.097446530445376656e-01
-9.006841222506334343e-01
6.407400873303525923e-01
7.506726028443539978e-01
-6.511916065556578870e-01
5.230848350572248062e-01
-7.954490014581453439e-01
2.620362669113576737e-01
6.077732792914152249e-01
8.190939639249376070e-01
5.218946535910968798e-01
-2.202644076388423633e-01
1.381894355158926890e-01
-5.154557498126977055e-02
-2.510162444924630698e-01
-9.943376032876934945e-01
-1.000000000000000000e+00
-5.694672606976751705e-01
-6.107554112110280542e-01
1.189986689200179248e-01
-9.577947679584124518e-01
-7.117855814666753655e-01
-8.812846897722392825e-01
4.453561283356336498e-01
7.236194873189051302e-01
6.425565971836126877e-01
