6.176070089619094539e-01
-7.354574944362832767e-01
7.119059202911621753e-01
-2.089459420513515298e-01
-5.514520399422984109e-02
3.777534277560046228e-02
6.579126227110745351e-01
-9.788028186919503493e-02
-9.798644505930882431e-01
2.404295178779556341e-01
2.931073676606434919e-01
3.474451860191275498e-01
-1.000000000000000000e+00
1.759043371841981784e-01
3.528078075501221988e-01
3.479087973003782697e-01
-1.000000000000000000e+00
2.675679483856641117e-01
3.973359676551346809e-02
2.283770005775906109e-01
2.079388577276931049e-01
3.003105323412258443e-02
-8.587098357617786171e-01
-9.217039004219476084e-01
4.058166924613151316e-01
6.077170346594893413e-01
-8.676595089879877154e-01
-1.000000000000000000e+00
-9.096386017601880702e-01
1.792395149726759840e-01
-1.000000000000000000e+00
-7.160265064545039415e-01
6.288555921542209326e-01
6.458820216164867789e-01
-6.383062137894943699e-01
-6.232543339699385676e-01
7.339829280513899823e-01
5.651132557163109915e-01
-3.476793226151935201e-01
7.715427204450039378e-01
1.000000000000000000e+00
-7.417539031950100004e-01
8.015796008543881745e-01
-5.127301161016248887e-01
7.951148551548858912e-01
-9.799466170480428673e-01
-9.289490814488008397e-01
7.250661342212081362e-01
3.758790403010103809e-02
5.361398505407237725e-01
1.096320824951619866e-01
-8.805913616600120619e-01
-7.721330507623072048e-01
1.569527744915724110e-01
-7.845370654129446564e-02
3.446205907074134656e-01
1.000000000000000000e+00
8.921141738616662487e-01
4.773793990886414651e-01
8.237466939232924723e-01
3.278954186408584159e-01
-5.015850411566018519e-01
-2.506508160385823025e-02
-6.520173155907649232e-02
8.529389723549819502e-01
1.000000000000000000e+00
-1.389245095330471358e-01
-1.000000000000000000e+00
-4.695119150969419008e-01
-9.136802614371588582e-01
-9.417238828028142716e-01
-1.000000000000000000e+00
-6.251329695538426767e-01
-5.563374145096420254e-01
8.456779929088444892e-01
9.145535372165480847e-02
2.929371628915934944e-01
9.601789276708190268e-01
-9.229912343529562690e-01
-1.335457055967039230e-01
8.670987025928866831e-02
-4.154650069236045518e-01
2.880972102128287471e-02
5.153903335544913755e-01
6.738088647715984036e-02
1.000000000000000000e+00
1.000000000000000000e+00
-3.052415463036544097e-01
-4.707092583915422623e-01
-7.420996462446671771e-01
6.224248479652367827e-01
-1.000000000000000000e+00
4.299382875633799284e-01
8.465885985391468083e-01
1.631639750212476869e-02
-1.000000000000000000e+00
-3.857728278082866447e-01
-2.316494518584267248e-01
1.000000000000000000e+00
2.285967950183296349e-01
-2.647629328336724708e-01
-8.388471661157452797e-01
-1.000000000000000000e+00
2.731695751672076344e-01
-2.230204510802584195e-01
8.337963645881460995e-01
2.437271981997189974e-01
-8.984446650160546888e-01
8.067699886883916705e-01
-4.986423033184570475e-01
-1.000000000000000000e+00
1.000000000000000000e+00
6.737797208401894444e-01
-8.724816147290503920e-01
2.867339585967634136e-02
-5.691904890014356511e-01
7.946537339711436942e-01
2.293160067741466523e-01
2.012626615035203181e-01
-1.000000000000000000e+00
-6.295007821797310443e-02
-9.245131577370193643e-01
-6.509583296746830339e-01
-7.154319787604247471e-01
-6.507123713862550396e-01
7.357583771530100680e-01
-1.357454127426614421e-01
1.972074829931436124e-01
4.437973873479372777e-01
-9.783201398931142823e-01
-8.918878886997596567e-01
4.125262010078799557e-01
-9.888433343710949508e-01
5.308096022706194628e-01
-9.669125931855641065e-01
1.962438608460640999e-01
-2.523890962186441933e-01
3.711415906701939771e-01
2.790364688572630758e-01
-8.709190914125919392e-02
7.729056414736030778e-01
-1.000000000000000000e+00
1.478573350820971133e-01
5.783370376480554409e-01
9.794231912528468253e-01
1.000000000000000000e+00
9.456382782029524314e-01
-3.767763712470299509e-01
7.117278807207985114e-01
-8.150599091350558822e-01
-2.733189355808148813e-01
2.454324325527088568e-01
3.927690601069639409e-01
4.395721264260685768e-01
8.446077627212847938e-01
-1.000000000000000000e+00
7.131199833516779218e-01
2.107734358444559586e-01
-2.278366430552146715e-01
9.198965786943495981e-01
9.692840557548064451e-03
2.549521930503128031e-01
2.009795967523710924e-01
-2.008333259389323278e-01
-2.535605269096587455e-01
9.824613344881383270e-02
1.860682625623664155e-01
-3.487480440761991929e-01
5.129479229208048219e-01
-2.222476488431924246e-01
6.603583642116555019e-01
3.186845358847543164e-01
-3.360846764839915402e-01
3.173922638886493841e-01
1.000000000000000000e+00
2.281464512127527877e-01
1.000000000000000000e+00
-1.000000000000000000e+00
5.826888784502828322e-01
8.126413064854702828e-01
-7.435127252233462158e-01
-3.137358416263642535e-01
-8.009946861704262400e-01
-4.931257338050198946e-02
-6.975790511447333975e-01
-3.867146161423129502e-01
8.137407530203450978e-01
-7.786729837565087298e-02
-1.000000000000000000e+00
-1.047977612227765087e-01
-7.691522594154331927e-02
3.084957477188710051e-01
-7.077549331002714883e-01
-5.948240945587099926e-01
-5.960468989445669163e-02
-2.843203736876187548e-01
-4.511989048338960195e-01
6.717918079234819206e-01
-1.937292228336233990e-01
-8.030334821219531349e-02
4.948385260282904263e-01
1.000000000000000000e+00
5.160652727596461986e-01
4.957300322878231413e-01
-1.000000000000000000e+00
-2.662269406267745442e-01
-1.000000000000000000e+00
-8.575234236327888837e-03
-8.784362121789068834e-01
1.773807093368462429e-01
-3.856370505339701271e-01
-6.024918533893601769e-01
-9.866818110702890721e-03
2.236242164312910730e-01
8.519715806714120987e-01
8.890698202930275018e-01
3.568320637988491861e-01
7.873663093604141849e-01
7.603064712716149920e-01
-4.681343571764060574e-01
-7.317708258664639143e-01
-5.011544609669200678e-01
-5.227675797564025340e-01
2.576868875543436577e-02
-3.739927468537177502e-01
-7.567551320433545392e-01
-9.693822042776019110e-01
-4.885508709266815908e-01
8.484000167258715086e-01
5.192399948625339157e-01
-7.649249695094171297e-01
1.000000000000000000e+00
-7.132568573596747008e-01
-2.143310810715528536e-01
-5.370819726527618077e-01
-9.352671187355519056e-01
-3.992446730162968471e-02
4.144041717660574831e-01
2.342142966842220009e-01
7.471336638668506502e-01
5.795494411765980125e-01
-9.571953194032785106e-01
3.739316078600215532e-01
-5.553655497434577537e-01
7.722168514953138274e-01
-6.356312875286408426e-01
7.165911353861047495e-01
7.195354538344738149e-01
-1.722258576530331098e-01
-7.283918696185656128e-01
-3.438299110391989100e-01
-4.286270060312254437e-01
-3.363903121537485941e-01
6.182619959635062834e-01
-1.000000000000000000e+00
7.759762620623522622e-01
1.000000000000000000e+00
-8.852609664234271092e-01
-2.957058498605411589e-01
-5.584858538393229210e-01
8.405798770677934684e-01
-7.768885090319146425e-01
-4.500976923168142352e-01
1.000000000000000000e+00
-9.909308759481466611e-01
