3.043719199402932230e-01
8.140069147937931682e-01
3.687776875495114570e-01
2.315674461423065100e-01
2.376638494594600637e-01
-5.714005394192311904e-01
5.678767119595193869e-01
-9.137536595301902764e-01
-8.029245545341456847e-01
-1.438450769589052491e-01
6.827421435945961736e-01
4.201688646879702116e-01
-9.930567045056812869e-01
-2.937289967963379045e-01
8.910714146313647444e-01
8.756692747155359058e-01
8.549764360540765828e-01
3.560131725525650381e-02
9.999975229377855435e-01
6.794787096632348700e-01
2.924469225130732486e-01
9.501848396868124436e-01
-9.988497620136407296e-01
-1.093036813285279685e-01
2.775968949247485940e-01
-2.377368822895713496e-01
1.508829520943133495e-01
4.636654118873391184e-01
-2.039934152099076581e-01
9.751171274260981292e-01
5.850044157988028015e-01
-6.796934300137094098e-01
5.881749347063058853e-01
2.025938655477528272e-01
-4.239245558763740096e-01
-5.269133519886406436e-01
1.000000000000000000e+00
-9.547080689907809781e-01
-1.000000000000000000e+00
-9.714074429278896083e-02
-3.485295079041208499e-01
-3.932364142364429549e-01
-3.379319486584790866e-01
-1.000000000000000000e+00
1.668299766757308511e-02
-4.399778496210093870e-02
-1.000000000000000000e+00
6.878165122760997452e-01
-1.166501573545115633e-01
-7.611812747447459504e-01
1.918771319977301826e-01
8.130040215531415537e-01
-4.613006128550602991e-01
2.536294086721889718e-01
-9.839543373282646499e-01
-2.881353078514119481e-01
-1.721473195817715407e-01
-8.746849276270844964e-01
-3.389331589466930694e-01
-4.080395908470200173e-01
-7.334194975236307812e-01
-4.214738544362888195e-01
5.293305215037455991e-01
-1.146455422345042940e-01
3.308785504979003811e-01
-8.513786878621387721e-01
4.088451044732044348e-01
7.935088627411159834e-01
5.578311799646267222e-01
4.853307047429928911e-01
-8.453782026790244153e-01
-9.590485456403792242e-01
3.570468563925273120e-01
-7.849121521593995787e-01
1.610238635587348532e-01
3.210473049619255725e-01
2.517387554994272580e-01
9.075147432054391228e-01
-5.653390668851892009e-01
4.912365973441121803e-01
7.289284411419432175e-01
-6.084908830869706353e-01
-8.433923579687661043e-01
-3.253199983824701658e-01
-8.127733135087831240e-01
9.930852793537376932e-01
7.874331656869015816e-01
3.129894892483648938e-01
2.159173836691006265e-01
6.298960651789500265e-01
1.114742421836363295e-01
5.983162465716951317e-05
-9.587844600594945810e-01
5.558875963100822215e-01
-5.634915905259245683e-01
2.065975408208475805e-02
-1.000000000000000000e+00
-7.132504508411019462e-01
1.353612969737421068e-01
-3.240534341101617422e-01
7.907613932036849924e-02
-4.393293448809603152e-01
9.938321772340448224e-01
1.000000000000000000e+00
8.314307423374183159e-01
-4.758403130142307980e-01
4.576038719684907274e-01
-1.269007853877637260e-01
-7.180922461995937756e-01
6.124648820050884179e-01
-3.893326541352442050e-01
-3.170340566584162190e-01
-5.802325691929128837e-01
-6.306846024495618153e-01
-9.765221192027317976e-01
-1.058331757749293445e-01
-5.470804300543523624e-01
-5.695636672166324299e-01
-2.598767275736391102e-01
-1.750310072217893254e-01
-4.668479821228155302e-01
-5.956276646395708418e-01
3.790524571798166154e-01
-9.237168577183569873e-01
8.892747612809165370e-02
-6.509089256527094136e-01
-5.565931606523524255e-01
-8.755271318786395085e-02
-4.546587894186993051e-01
3.567089618475958179e-01
-3.233640151488741954e-01
-5.408597184709780237e-01
-8.864851527679098453e-01
-9.624102544551049743e-01
-2.712148637404083740e-01
7.721195145819688133e-01
-1.034079800948617400e-01
-5.204558881531037295e-01
-4.014480483531144284e-01
7.459220266402759592e-01
-3.589844249712914603e-01
-1.000000000000000000e+00
-6.322529120775315370e-01
2.368816256011925248e-01
5.424743341102495897e-01
-1.950002245333171125e-02
2.176379165540158755e-01
9.167542073636523181e-01
-9.665386145119567729e-01
-4.645972623876526431e-01
7.380484519451091519e-01
-4.748387025652713866e-01
2.953407365542726204e-02
8.773144080833921166e-01
1.000000000000000000e+00
8.022007575045448924e-01
-4.226879151632731424e-01
-6.028047921141193033e-01
5.151099887753054496e-01
6.113827383276460026e-02
7.393209900073973717e-01
-8.831592568927320031e-01
-2.333712880861489314e-01
3.404891439077966098e-01
9.567145535965735359e-01
-5.965901461283862339e-01
6.937673118139162654e-01
6.377898682963345500e-01
-1.499884924833858602e-01
-6.643241063268521263e-01
-8.466255787813119493e-01
4.257573858161700642e-01
-8.618996838422809947e-01
-3.486583521342334624e-01
-6.726485694672263982e-01
6.543601190436869608e-01
-6.834086049123702100e-01
-5.877041884957540097e-01
3.626226606052103119e-01
-1.406246266719426430e-01
4.695511219054835927e-01
-3.919608721018623676e-01
-5.438676540987161800e-01
9.069288204590653102e-01
4.357247945890549978e-01
-3.264861102451943609e-01
5.250803426875724766e-02
7.184003446866518150e-01
-2.181316833137776356e-01
3.945367732589908361e-01
3.789451415925753075e-01
-2.238335108738827017e-01
-7.074915261289227431e-02
1.418439817059102825e-01
6.003631697769857833e-01
9.153370754720073776e-01
-4.812105989715205201e-01
3.038446749041914252e-01
-1.717069452390120876e-01
2.628235117679427191e-01
7.128258895701682363e-01
2.678619152309273943e-01
6.885199292703940710e-01
-7.028925023903243030e-02
-3.298054496963771509e-01
-8.058283600872258035e-01
6.083785490731352663e-01
-8.010179481180028649e-01
4.696786606735716685e-01
-3.746488147013911085e-01
-8.553948855794122341e-01
-2.362442587294388829e-02
-1.504334043727328929e-01
1.000000000000000000e+00
-2.464048443251001252e-01
-6.015144098649138904e-02
-3.982717796302261415e-01
7.388902931403003027e-01
5.224906335263506119e-01
6.743944382206739085e-01
8.628331210666668749e-01
-6.092404089261622691e-01
-6.357230637576010146e-01
-7.589343120387226360e-01
2.110055579943657389e-01
-9.627289573559085767e-01
-7.292124328818276879e-01
-5.219982840241745858e-01
5.737643032473547233e-01
-6.441219037844025941e-02
1.160452863482885899e-01
-5.465987797592382069e-01
6.286789027456769485e-01
-2.805594014333792074e-01
4.041248133808970078e-01
9.638613005273910517e-04
7.630053417092423906e-01
9.323642350394123479e-01
4.092375753358112878e-01
9.317341513910830653e-01
5.393292949953074622e-01
5.742306464314494985e-01
-6.142721674412630062e-01
4.760660824404012725e-01
-5.477338764143808714e-01
3.355838747094928021e-01
-7.107714406827290166e-01
3.280251886412359763e-01
-1.000000000000000000e+00
5.385138726125815456e-01
-7.702847114559909780e-01
-8.633665344176005840e-02
-3.572631695175521038e-02
2.653281469519772617e-01
-8.365182346478521325e-01
8.383836474496850766e-01
-3.221718976932130829e-03
-4.540744898687809616e-01
3.225530926534851961e-01
-2.921942254714888776e-01
-1.816293295931470375e-01
4.649863753118579357e-01
3.886141951384030069e-01
5.053963746485441444e-01
-7.567488064303651285e-02
