-3.120722337950958547e-01
-8.663827671272930075e-01
-5.910709990580498285e-02
6.403646432492839935e-01
1.000000000000000000e+00
-9.162291458934588295e-01
5.514808131376763845e-02
3.621680727126499466e-01
6.693522711474246822e-01
5.860205232340038872e-01
2.147357570262931059e-01
4.927350724215571187e-01
-1.947717222649683055e-01
-6.564086233660246794e-01
-3.623487530282998303e-01
-3.200631413418774107e-01
6.891906198097654812e-01
1.000000000000000000e+00
-6.757918359286687604e-01
-1.509830173713528068e-01
4.916240085259508952e-01
-1.000000000000000000e+00
3.348936390595579904e-01
3.291297324953036396e-01
1.000000000000000000e+00
7.625368575408869587e-01
9.951504335307050919e-01
-6.955504744168352627e-01
7.780401172549749056e-01
1.797063599824355595e-01
-3.356104326351951883e-01
-1.000000000000000000e+00
-1.000000000000000000e+00
-7.776475994099638633e-01
-7.155732134264045641e-01
-1.386326228521412851e-01
-4.489468583809381186e-01
9.415110520709959463e-01
-8.508223682454087999e-01
-3.759335439887692143e-01
-1.000000000000000000e+00
-3.837459826486413483e-01
-9.773170592297486525e-01
8.543110182712281286e-01
-3.945071180124086752e-01
-3.445238223124871269e-01
9.380740732275638649e-02
2.735296435555475414e-01
-7.562923293656169665e-01
2.724907683518802415e-01
7.060384385039146782e-01
-5.551518641953654409e-01
1.581917332948498678e-02
-6.442565699292216452e-01
6.993860093847314996e-02
-2.485768632688873936e-01
-1.672166747287953392e-01
-1.000000000000000000e+00
8.943889224060488363e-01
-3.953268653377335351e-01
4.737374213117246935e-01
-9.168410174497867438e-01
3.003357055456009617e-01
6.887637750177004747e-01
1.029261322026056025e-01
-1.000000000000000000e+00
-2.769720079604163221e-01
6.522741111911032341e-01
-3.849329856698184282e-01
4.658865191513885673e-01
-1.930630149543954843e-01
5.837424365058283549e-01
-4.204670606182707715e-01
5.957497422388338126e-01
8.863618886694113463e-01
-6.033206339582235511e-01
-5.157175632066124393e-01
-9.056388568673008344e-01
6.895889508385044664e-01
-1.056011263098544095e-02
-6.619597461913004910e-01
-1.000000000000000000e+00
-2.521449520978816805e-01
1.391487445459596017e-01
1.667484288015312899e-01
5.735936866603839057e-01
8.799429454451743737e-01
2.410491015689779637e-01
-1.859318120507753580e-01
-5.093536543770844638e-01
6.708587989299127363e-01
-5.063461017417794641e-02
-6.985277949224939498e-01
-5.520893607808501358e-01
2.702097761988277447e-01
-3.118430590627363497e-01
1.423313804111112635e-01
-6.204997803945813128e-01
-1.000000000000000000e+00
-2.819818940649483352e-01
2.170794494477659153e-01
-5.081333252924508104e-02
-2.409341194262095698e-01
7.677639904872364252e-01
-7.406274719181678012e-01
1.739467876429667270e-01
-7.873177772012901476e-01
7.846870379235946213e-01
5.111614729982367766e-01
-8.229679377510432658e-01
6.076792034001410325e-01
-1.261351315001577600e-01
2.053665317665813728e-01
1.277887671715098872e-01
-7.387873718546419388e-01
5.915430157256014176e-01
6.946639844224562488e-01
4.580929980828258863e-01
-5.757554464700780361e-01
3.523758517930158374e-01
1.000000000000000000e+00
8.289111047983535041e-01
1.000000000000000000e+00
1.002087393228616591e-01
-1.249450321192695501e-01
1.000000000000000000e+00
1.000000000000000000e+00
-1.362976748410060224e-01
5.050596262714746043e-01
-5.356248534670069450e-01
7.045170870551159537e-02
-1.170732751182914644e-01
-7.156646454715140937e-01
-8.444154485016002187e-01
-1.000000000000000000e+00
1.315539863045076530e-01
7.688764242368459900e-01
-4.866514494826130743e-01
4.720054302472348473e-01
6.682182836738648213e-01
4.751279432600001851e-01
-3.646520286079308892e-01
-8.663008228373297870e-01
-8.549146374912728330e-01
-1.000000000000000000e+00
1.350849176830994924e-01
-6.585313942609372084e-01
2.426470504534693484e-01
-7.972170668523553827e-01
1.000000000000000000e+00
5.846358429457888528e-01
-4.428117538352644988e-01
-4.521711234327887574e-01
-2.945784320513745724e-01
-9.824912090581985336e-01
9.784806814611712866e-01
-4.811390341164736295e-01
-2.692708311459426351e-01
-7.013334106606986529e-01
1.540958565748861697e-01
1.725374582472412044e-01
1.000000000000000000e+00
-8.492390398326576939e-02
4.573814339374551174e-01
-3.140698400391291334e-01
-8.282896108483586151e-01
1.000000000000000000e+00
3.736714910854515015e-01
2.118848945293758113e-01
1.000000000000000000e+00
-3.699016776276939922e-01
1.505606219457398254e-01
-8.219689800615116448e-01
2.461609906958948102e-01
3.508323211810113751e-01
-4.195913479319082207e-01
9.086598357937258896e-01
7.198477504136104876e-01
1.000000000000000000e+00
-8.519216961892441820e-01
4.498144671541344231e-01
-6.560221236680868762e-01
-2.978410839760776141e-01
2.119649144691164722e-01
2.398617328656282854e-01
-1.000000000000000000e+00
-3.840382789929397411e-02
3.094839937074750913e-01
-3.607362128499539411e-01
7.798324069954176707e-04
9.083221289005078969e-01
-9.624100207841270738e-01
-3.820718088816754676e-02
-3.962459184327047912e-01
-9.922441361117715353e-01
9.792822237129106266e-01
6.504983431781219405e-02
1.127683098886111956e-01
-1.682171385521684104e-01
-5.864039006107901741e-01
-9.221464652107563831e-01
4.943635630315274532e-01
-3.052531131568825273e-01
-3.913906050211701793e-01
1.000000000000000000e+00
1.000000000000000000e+00
-2.180230029048624285e-01
-4.641563733594220587e-01
6.116462287784818486e-02
1.806880794492116693e-01
-1.688084460514129859e-01
-1.838591418330686178e-01
3.825326146570259822e-02
-5.423793825309257688e-01
1.000000000000000000e+00
-1.000000000000000000e+00
-9.948621999227676982e-01
-3.002374240501201608e-01
-3.239162986922882181e-01
-7.884224550938365716e-01
-1.126702815665563129e-02
6.249370621111266511e-01
4.297597293958146936e-01
4.437706088617932032e-03
-6.868998311386294020e-01
4.352236369081550205e-01
-9.969843456721334540e-01
1.000000000000000000e+00
1.000000000000000000e+00
-1.000000000000000000e+00
5.401511939901993964e-01
9.940829659740887392e-01
-4.831319581857655976e-01
1.000000000000000000e+00
-5.087930937966418377e-01
6.223991355089857347e-01
4.254006621568259816e-01
2.781011608763196974e-01
-8.199101033942699512e-01
9.994778315143373337e-01
-5.269443852369734005e-01
2.423577193439224731e-02
-6.047659157238460814e-01
-2.107824055129972063e-01
1.000000000000000000e+00
-2.113041084111719758e-01
-9.529695216642813937e-01
1.000000000000000000e+00
-5.405456223659605985e-01
6.816071607313922698e-02
-9.885085942998669273e-01
-1.013589442736881341e-01
-7.211831713964445001e-03
9.256590129600585914e-01
-8.936723165544411263e-01
-7.952682985611061461e-01
3.064254468073512871e-01
3.168744111951090070e-01
1.000000000000000000e+00
-1.536326562320267097e-01
-4.177947817259400898e-01
1.000000000000000000e+00
-8.729107459046492323e-02
8.835929522386725132e-01
3.009921077904581521e-01
