8.182918538800916242e-01
1.000000000000000000e+00
5.893779677598078859e-01
5.983820580746217477e-01
7.180177372216749454e-01
-8.212677051937391504e-01
4.014311146075320025e-01
-8.944286157664379511e-01
1.000000000000000000e+00
-9.586885515528296153e-01
-8.876116681918388984e-02
-2.994709802595960646e-01
1.858840749831213168e-01
-2.778605300882934226e-01
3.923609760268686464e-01
-7.585113638101399491e-01
-1.000000000000000000e+00
7.067197038420189870e-01
-1.000000000000000000e+00
-5.339453605823046844e-01
5.640236058337056990e-01
-1.000000000000000000e+00
-7.938275582304872291e-01
-8.302168018108622149e-01
4.417611048485264313e-01
-7.078139998928338894e-01
-4.423048007614638344e-01
7.257439807411218968e-01
6.078162516704190832e-01
5.548587954070538508e-01
7.789617075680752567e-01
3.738713619561363499e-01
-1.153650074647087909e-01
-9.583609201130716126e-02
-1.000000000000000000e+00
-6.847144726726372976e-01
-4.708421920620917134e-01
1.754811834202720799e-01
9.831591913029835705e-02
1.000000000000000000e+00
7.782275327761059014e-01
8.713229209462450831e-01
-2.401494570455285915e-01
-9.680569195989519038e-02
-5.476759726015429930e-01
5.935101101201107898e-01
-9.274623652635112236e-01
-9.122204467380057302e-01
1.000000000000000000e+00
-9.146546150576136958e-01
-8.457424158990440866e-01
6.390401364278681662e-01
3.535749637578648463e-01
1.795132071721067812e-01
5.482260438169256345e-02
5.263259540480939025e-01
-1.707162405046487308e-01
7.070877965744243321e-01
2.801005921714732061e-01
-5.054472887499302791e-01
6.865167456017982062e-01
-8.357888951626104568e-01
1.931004058719822392e-01
9.904445198689804108e-02
1.000000000000000000e+00
8.168491038357289513e-02
4.965670091966154498e-01
1.000000000000000000e+00
2.533523313187607817e-01
1.000000000000000000e+00
-5.704513853482572339e-01
-1.000000000000000000e+00
3.616296329231796225e-01
-6.577626942942413901e-01
6.144614812362158007e-01
-4.210180698900060081e-01
1.375325275700928496e-01
-7.116994098085853704e-01
3.246942240753065700e-01
-8.155979250403727621e-01
-1.748928523430058335e-01
3.475037470691486607e-01
-1.419114875908984441e-01
-4.100115075527024922e-01
4.801342064378101293e-01
-4.738121010214897399e-01
1.371803424179055542e-01
1.000000000000000000e+00
2.022104890916026632e-01
-1.339808434933957015e-01
-1.000000000000000000e+00
7.912946530882392082e-02
-1.000000000000000000e+00
6.958450615527818073e-01
6.396214888538104271e-01
-1.000000000000000000e+00
-1.000000000000000000e+00
1.542601165602081603e-01
-1.000000000000000000e+00
-1.000000000000000000e+00
-2.543001415034316093e-01
-3.614738415058399990e-01
1.000000000000000000e+00
8.142771818403540252e-01
-1.000000000000000000e+00
-8.894377461025855247e-01
4.100846947591734737e-01
-6.508351208746414596e-01
1.938192408033454495e-01
-8.105350537944286948e-01
4.549573781488654989e-01
-7.458185374103309950e-01
7.875163064957408920e-01
-4.959130485531642041e-01
6.691084700689647891e-01
1.864527178430768969e-02
-1.000000000000000000e+00
-4.000091810058515329e-01
-2.480739405271656928e-01
8.686655204058564284e-01
3.731567725438524885e-01
1.000000000000000000e+00
5.344586688812129616e-01
5.465165442142517760e-01
-9.665227375234123341e-01
-8.594178409210263547e-01
2.083316982782277282e-01
-3.639949133412203608e-01
2.210198298404077999e-01
2.304531405797041188e-01
9.566118531623539756e-01
-1.711624878007009798e-01
-8.641635531152075389e-02
-1.000000000000000000e+00
1.000000000000000000e+00
-3.358608861951716262e-01
-2.252504204591145864e-01
1.000000000000000000e+00
-1.620884745766176804e-01
3.409681176237056022e-01
-1.000000000000000000e+00
5.474054724359953550e-01
-9.725585913028271801e-01
3.096215855120849625e-01
1.000000000000000000e+00
9.518953687882902859e-01
-1.388914114630464547e-01
-6.099935976689725425e-01
-5.828582312217763794e-01
9.436154087375235866e-01
1.398534405783411483e-01
2.531581945247242116e-01
6.792155232451481117e-01
-2.378764602553086749e-01
9.684440274280644578e-01
1.435289323204302081e-01
1.904902705746337466e-01
6.214577691033110751e-01
-9.780355241156288848e-01
-9.010079676161431017e-01
1.000000000000000000e+00
6.557626544338970298e-01
-1.000000000000000000e+00
1.000000000000000000e+00
-2.664835413068369907e-01
-9.775027558777265035e-01
-5.540332949025394971e-03
-1.000000000000000000e+00
-6.310251497548909905e-01
-4.559277095470473662e-02
-8.357594802550487589e-01
9.428740093446896786e-01
3.494023488884904216e-01
-8.993295652146404695e-02
-1.237899009086323998e-01
9.441185035552401850e-02
3.732903228602133527e-01
-5.669113267060250649e-01
-7.830049115860545639e-01
-1.208147923756424102e-01
7.889370610713812848e-01
-1.000000000000000000e+00
1.000000000000000000e+00
1.000000000000000000e+00
-9.001801034252229217e-01
-4.996343449455300512e-01
7.594431376088719432e-01
-8.352925702251798867e-01
3.891027038875287669e-01
2.830314260427115869e-01
7.217799812014735750e-02
-3.105354570847727036e-01
3.425443673413796075e-01
6.941304657714912896e-01
4.886547930692314301e-01
3.902401000525588248e-01
-1.541406089813612823e-01
1.000000000000000000e+00
4.097184006869244444e-01
1.000000000000000000e+00
-3.583593186297900912e-01
1.000000000000000000e+00
-4.167674609802584640e-01
7.462510744999062418e-01
2.180420463792462904e-01
-7.086764031443619771e-01
1.838875359962438560e-03
-8.568494878315844332e-01
7.769467157134345436e-01
6.433670556546124963e-01
-3.098944369489996520e-01
1.773330490689567773e-01
8.445291297030613764e-01
-2.218324073819422648e-01
8.612432527029412199e-02
-1.000000000000000000e+00
-1.000000000000000000e+00
3.462120336448870628e-01
2.759499854704760557e-01
8.706162751003400091e-01
6.789368319552939735e-01
-1.000000000000000000e+00
-3.304892586446461777e-02
8.038951879007011359e-01
1.000000000000000000e+00
-1.000000000000000000e+00
-9.897509480741834009e-02
-7.138322837821946543e-01
-3.973796982458612792e-01
1.548656642814335571e-01
-3.942520711683470402e-01
7.583820869880149029e-01
-5.575096519714386467e-01
-5.955123342761150518e-01
-8.068995984992807236e-01
1.000000000000000000e+00
6.386561547105693570e-01
1.000000000000000000e+00
-3.976812909741722635e-02
1.805635891978059349e-02
3.125271368066217526e-01
-5.368929200284766612e-01
6.182073530091534153e-01
2.612849095732261429e-01
9.822758863602021329e-02
-1.000000000000000000e+00
-6.762228113839154897e-01
2.633486711826968363e-01
-7.533371828512809287e-01
-2.639558619069387602e-02
-7.962282325852098053e-01
-3.586653577641162327e-01
8.505457243168268455e-02
1.000000000000000000e+00
1.717411535603091122e-01
-7.515024046905351973e-01
-4.168342948617997923e-02
7.632746721431906689e-01
3.070669821807212596e-01
1.000000000000000000e+00
-6.066514212833561404e-01
1.000000000000000000e+00
-5.881736086779898454e-01
1.000000000000000000e+00
1.501520726718543197e-01
