2.294941285982672052e-01
4.193132010098780116e-01
-2.474164744962350504e-01
-2.985446047455547758e-01
-1.678146172717354112e-01
-8.680751980378607069e-01
7.038386760035122425e-01
-1.000000000000000000e+00
-4.518253585496416758e-01
-2.954071298762450670e-01
4.211512940360447876e-01
-1.000000000000000000e+00
8.311274279015657962e-01
6.808194112891564620e-01
-3.844427395596151098e-01
6.903524462823664720e-01
2.485913788600924157e-01
1.000000000000000000e+00
7.492054454079999370e-02
-3.404745298778194540e-01
1.000000000000000000e+00
1.000000000000000000e+00
-1.000000000000000000e+00
-4.155665252143287969e-01
6.525263652909931711e-01
-1.000000000000000000e+00
1.000000000000000000e+00
-7.235991540074746542e-01
-8.819128493551590120e-01
3.209014192436709934e-02
1.000000000000000000e+00
-1.090590782398142000e-01
-5.679645441666639205e-02
-2.635522841300779739e-01
1.452925351838105783e-01
-1.535879256405972004e-01
1.525766225640958207e-01
2.112065711875408258e-01
-1.931551575143428678e-01
2.530145905517457994e-01
-2.230404713697080599e-01
-1.345171682812250080e-01
-3.536390683465593376e-01
1.462563130327487193e-01
1.605143545081656464e-01
-1.000000000000000000e+00
-9.351250409710678557e-01
-5.621864825033169311e-01
1.000000000000000000e+00
-1.644616045442996999e-01
4.662539564787702706e-01
-9.972195325353957474e-01
7.279556869753196491e-01
-7.249772588393048611e-01
-4.662275339753130243e-01
-8.879388452308693003e-01
-8.299025706651314005e-02
-5.097576467834648017e-01
8.552453933229726690e-01
9.145308424397571301e-01
2.486371881657689076e-01
3.559940164805842078e-01
1.000000000000000000e+00
-4.698869970687107323e-01
2.133777372601277644e-01
1.000000000000000000e+00
6.398206745965084874e-02
-1.000000000000000000e+00
-7.641518762209597027e-01
4.212017267213219451e-02
-8.860700066107404238e-01
-8.288514796945806173e-01
-1.000000000000000000e+00
8.945482593025175788e-01
1.000000000000000000e+00
3.364237547288324026e-01
2.379039632455248743e-02
5.074115276005257691e-01
3.717037751441901738e-01
-3.493550214433538414e-03
9.251213495536085851e-01
8.257330120905714832e-01
-3.681584035597664784e-01
2.756853037715896182e-01
5.353099942503392050e-01
8.618496129770134573e-01
1.373039297168937856e-01
6.633048006640088201e-02
5.112734100740444765e-01
1.199212105531994865e-01
1.000000000000000000e+00
-2.267522268395409935e-01
-4.401625728572343688e-01
2.591019875522847515e-01
1.000000000000000000e+00
1.000000000000000000e+00
-1.000000000000000000e+00
3.590165207458695384e-02
2.721156383115406197e-01
-8.287779307712543619e-02
1.000000000000000000e+00
7.017754457237415089e-01
-1.540098893880046949e-01
6.612844805005597681e-01
-3.453198168046137800e-02
1.000000000000000000e+00
-6.979718610726988182e-01
2.906041754445146674e-01
-1.000000000000000000e+00
7.915338937157216925e-01
6.015645382345501391e-01
3.178476455354746211e-01
-1.488335404496448078e-01
-1.000000000000000000e+00
4.486133730533745645e-01
-1.000000000000000000e+00
-1.000000000000000000e+00
2.617253382507988557e-01
1.000000000000000000e+00
1.000000000000000000e+00
4.392503784223324992e-01
-9.622410214844566712e-01
-5.449559528975911338e-01
-1.000000000000000000e+00
-1.000000000000000000e+00
-8.422711565066658412e-01
-9.853780365438991051e-02
1.974842079129772721e-01
-2.119069461068512072e-01
-2.870435901389890576e-01
7.847082701484204836e-01
8.830858888579300459e-01
-4.928725897303500858e-01
-9.911982368404333998e-01
8.206850720936258448e-01
-1.000000000000000000e+00
9.583609337336137513e-01
3.867264656260877009e-01
-1.000000000000000000e+00
1.000000000000000000e+00
-8.786354030301901652e-01
-4.444145763369583002e-01
1.000000000000000000e+00
7.004844924529980421e-01
-5.361638688720351542e-01
-1.000000000000000000e+00
-1.350333482637158244e-01
-3.604993881762322272e-01
-1.292947998965651157e-01
1.000000000000000000e+00
1.000000000000000000e+00
-1.000000000000000000e+00
-2.664456379668440622e-01
2.935652215565084378e-01
1.068465921825376697e-01
-7.326011155198375313e-02
-1.000000000000000000e+00
7.408712843399554160e-01
7.711662286095927188e-02
5.192600458423943799e-01
-5.555269107105971216e-01
3.150378858747698851e-01
-6.938906928477264202e-01
9.421170796015621018e-03
6.771132180477348328e-01
1.592832758005280347e-02
-5.843003424396727707e-01
1.000000000000000000e+00
-1.000000000000000000e+00
8.049949418641093590e-01
6.568145897120580834e-01
-7.852332628585182439e-01
4.349464748290927663e-01
-4.427236170366144474e-01
-5.577596360254001295e-01
-4.372449787362997498e-02
-1.000000000000000000e+00
-2.593137582306594968e-01
2.199605301737241336e-01
-7.284605526856158253e-01
6.861975475944213088e-01
-8.845177903833021382e-01
2.046196594500379051e-01
-2.629558513504223760e-01
9.857033556733997282e-01
-4.767399333260883276e-01
-8.042885177549401465e-01
9.118914908933295482e-01
8.147084089349851954e-01
6.699059896840902084e-01
-1.000000000000000000e+00
6.827642898835484253e-02
-2.262986645597279689e-01
5.254607343217612136e-01
-5.009640678638069833e-01
3.316013428892740089e-01
-7.362472370728483373e-01
-9.738912111597641807e-02
-3.363357109817823876e-01
2.730972163772811268e-01
1.148205979311485991e-01
-6.737900323554032456e-01
-7.317375916074437825e-01
-8.190118440850915338e-01
-1.000000000000000000e+00
-5.065030875864962034e-01
-2.759340053513089641e-01
-9.676398636871792469e-01
2.942041318545695061e-01
1.000000000000000000e+00
-2.196152033148646154e-01
-6.742567883034228382e-02
1.000000000000000000e+00
-4.939994084378552808e-01
1.000000000000000000e+00
-1.003850237752585139e-01
1.556331568964146594e-01
-2.103952881288080334e-01
4.416798986036486463e-01
-5.335696394773767892e-01
2.169241547065732245e-01
-9.262928842477660130e-01
6.291988009955906680e-01
5.037067779238116882e-01
-1.000000000000000000e+00
8.868386033118957901e-01
-5.104817517449078412e-01
6.699874828749341482e-03
2.750637770566861651e-01
1.405751480607800863e-01
-4.816842576237954643e-01
-1.000000000000000000e+00
1.000000000000000000e+00
2.626900417516355168e-01
1.000000000000000000e+00
-1.000000000000000000e+00
-1.961030020139140073e-01
9.671822316707157086e-01
7.038907911652836358e-01
-2.492433816583317086e-01
7.210820026044606479e-01
-9.798673916497491199e-02
-1.000000000000000000e+00
9.911928019372504561e-01
9.135224682396522189e-01
6.426230253899491984e-01
1.000000000000000000e+00
-1.000000000000000000e+00
-3.929107709844493757e-01
-1.000000000000000000e+00
1.377069407661460076e-01
-8.785804979194375974e-01
6.510677973549563458e-01
1.446401387220674906e-02
-8.646051966096726105e-01
-7.895088745778964245e-01
-8.596083409954362597e-01
1.913654123713631749e-02
8.800153280202491768e-01
7.200732291751090752e-01
6.945130910559971227e-02
1.000000000000000000e+00
-1.000000000000000000e+00
-3.206870166307559944e-02
5.569834758588982915e-01
