1.000000000000000000e+00
-6.052183411595897233e-01
9.043153663428873390e-01
4.068300069568653865e-01
2.690223861069364064e-01
5.056104221196865423e-01
-2.973419849100288337e-01
8.985892502601223741e-01
7.081794737424651487e-01
-7.791828176103124948e-01
-1.000000000000000000e+00
5.435589831362765967e-01
3.658522543777019687e-01
2.182114522959170966e-01
8.355858224696195435e-01
-2.460427161682698233e-02
-1.000000000000000000e+00
-5.851013175693119406e-01
8.657839700963374518e-01
-5.845200865009677615e-01
9.614016483673570868e-02
-1.000000000000000000e+00
-6.733475195003935099e-01
1.315574604702714201e-01
-8.323280919592379590e-02
-1.000000000000000000e+00
1.000000000000000000e+00
5.673808212142298357e-01
-5.844513546112501956e-01
9.290941960627905338e-01
1.000000000000000000e+00
-5.568496849400622617e-01
8.163163164942306427e-01
-1.000000000000000000e+00
4.124783681206697916e-02
3.297986236599174670e-01
2.503141640862541761e-01
-4.056656725417878695e-02
1.851393469478588016e-01
-4.770648693163959120e-01
4.139590628701841357e-01
1.473517125297225672e-01
-8.873864485314644224e-01
-6.751927949671707729e-01
-1.000000000000000000e+00
7.713209635193586378e-01
5.031755550931096277e-01
5.276970449754456727e-01
3.737592416662622874e-01
6.805913974799844279e-01
-1.441398209585388057e-01
4.615426001579250870e-01
-3.183924060596119432e-01
9.077318128980360612e-02
-1.000000000000000000e+00
1.403589943987224586e-01
2.671538024324914273e-01
-3.678230387077010555e-01
-8.812235190580048894e-01
4.878356091002180039e-01
-4.140741793233905232e-01
-5.628240761797340674e-01
-2.243596941820792667e-01
-2.091102949339529449e-01
-1.026922738460055717e-01
1.849660497086584865e-01
5.972391344552048231e-01
8.338109929215905547e-01
-4.999700311466581670e-01
-9.280590297818483991e-01
6.479624049453061030e-01
9.677569755273498497e-01
8.872302006089256565e-01
1.000000000000000000e+00
-2.784129492406641759e-01
4.025450026869232811e-01
-1.000000000000000000e+00
6.488819319624292703e-01
-9.824509238944356682e-01
-7.380782283745075389e-01
-2.718856338103206038e-01
6.349705382666199771e-01
-1.000000000000000000e+00
-1.000000000000000000e+00
8.312137825848076034e-02
-5.215601281651239818e-01
8.925812992000261570e-01
3.179566198163924495e-01
6.169461254237602610e-01
-8.674395364641871442e-01
-1.316022962386189654e-01
-3.526876920019035300e-01
-1.000000000000000000e+00
7.827150946081258276e-01
3.675039349493859353e-01
-5.286227037246820082e-01
-1.000000000000000000e+00
-4.868301650997648444e-01
-9.578467678893936021e-01
1.000000000000000000e+00
4.388348086773136703e-01
-7.827408792410017746e-02
-9.541878588034038988e-02
-6.636549653673794458e-01
3.754906207240680249e-01
9.373460615866071599e-01
1.242859268730123617e-01
1.473514550282042368e-01
5.854961675532137644e-01
5.877317675505300265e-01
2.573864078288780055e-01
1.000000000000000000e+00
-2.267018056094798339e-01
3.893526472672348415e-01
-1.000000000000000000e+00
-8.310631578778011619e-01
7.606475182763197118e-01
7.174309718814529946e-01
-1.000000000000000000e+00
6.768023041662554196e-01
-6.193664434753997083e-01
-9.649395456657282599e-01
8.029861291570461468e-01
-7.628871666687664366e-02
-1.000000000000000000e+00
1.000000000000000000e+00
-3.620475175229089237e-01
-7.887974846872367607e-01
9.737405935986975791e-02
-3.151556724355280004e-01
-5.971132638242432344e-01
-2.591840589967906450e-01
6.325074449584348057e-01
3.213323641244048012e-02
-1.000000000000000000e+00
9.889554907313897747e-01
-4.411281723285814804e-01
8.859025570642460323e-01
-1.000000000000000000e+00
-7.343712596558342742e-01
5.373059415865399924e-01
-1.000000000000000000e+00
4.721197193731215824e-01
6.150065715604411398e-01
1.162667248958560440e-01
-2.124387995406540330e-01
8.515521311824972850e-01
4.115405338937465629e-01
1.000000000000000000e+00
1.000000000000000000e+00
8.541848665500040294e-02
-5.517606429994298400e-02
-6.236798633326947616e-01
-5.749250452993082128e-01
-8.301762913910093467e-02
5.764811126769956440e-01
6.171892301182628771e-01
8.023165268589875776e-01
8.264474335305582731e-01
-2.118292919875490177e-01
-1.372829708087265344e-01
-3.469613217823943052e-01
6.694217905863621976e-01
2.235711865848315216e-01
-6.899043073379940161e-02
5.471501670860680067e-01
8.089242453104306119e-01
-2.505082090302014342e-01
1.000000000000000000e+00
5.761287930473220076e-01
5.165465746884332354e-01
6.842516246578474182e-02
9.336406748739894956e-02
3.126326493902712444e-01
5.240320519806762611e-01
-4.124215557826940159e-01
8.659837269829084860e-02
-7.642160310785972577e-01
-4.960325922828499601e-01
-3.623220302663870962e-01
4.272192426495070583e-01
-3.524082185843129267e-01
1.481406858958811412e-03
-1.000000000000000000e+00
-5.731458359236535349e-01
-5.215677227360493440e-01
-3.288866324676673614e-01
-1.000000000000000000e+00
9.092536520530618560e-01
7.853540022839113899e-01
-3.190025966190792595e-01
-4.132875193136242853e-02
1.593506087063554233e-01
-2.353414294749968938e-01
-3.621057598744058525e-01
-3.367666282097901975e-01
-9.385831490746338046e-01
-4.500890440638987133e-01
-6.224937168000921339e-01
-9.469043768889000567e-01
-5.144263872946726046e-01
-5.512341268854245024e-01
-7.305033662567133046e-01
-9.165388287274423007e-01
-4.946303472908921695e-01
4.660403192624034130e-01
1.000000000000000000e+00
-2.855744324935425293e-01
-1.000000000000000000e+00
-1.830159407142537553e-01
-9.374510276832681566e-01
1.782136226101098675e-01
-4.757350130747282080e-01
7.217371919397194135e-01
3.148038477659508838e-01
3.710511187235954189e-01
-1.046913566630641723e-02
2.489999344584852281e-01
4.638517668812720540e-01
-7.280764557963315120e-02
-6.380110895446706731e-01
-2.485987115548147219e-01
-1.000000000000000000e+00
-5.193253791995351420e-01
7.301274609362971013e-01
-9.643882515289405877e-01
-1.000000000000000000e+00
5.529354897442018135e-01
2.904390635343823135e-02
1.000000000000000000e+00
7.456422445911362606e-01
-1.000000000000000000e+00
9.167011759591033870e-01
3.110923549303695745e-02
-5.305347730358811464e-02
-5.841860665839758437e-02
4.735299494862883485e-01
-3.531914547893821310e-01
4.321312223639204309e-01
1.000000000000000000e+00
-7.938096491796076126e-01
-3.660805066623215032e-01
3.885648981172422634e-01
8.873416525239500308e-01
3.390994487139087354e-02
-1.730692856276514480e-01
3.076047085868757747e-01
-4.893297498413309299e-01
-5.152085624865005986e-01
1.000000000000000000e+00
-1.872406831956774376e-02
4.748239950498776007e-01
1.000000000000000000e+00
-5.264171506499280007e-01
4.926428988022357736e-02
-1.000000000000000000e+00
-7.767387900877231743e-02
1.000000000000000000e+00
5.202703837183775271e-02
9.988493984356452415e-01
7.414387858422724076e-01
-4.709208803398912124e-02
-8.575669124100254725e-02
-6.683478753526080895e-01
-1.000000000000000000e+00
