-6.869465678461055269e-01
-1.000000000000000000e+00
-2.833280415506806982e-01
9.974925174050035537e-01
-8.777345432680238035e-01
-2.085970289271283917e-01
8.345169930923379553e-02
-9.020798883354559372e-01
1.000000000000000000e+00
-1.735649456492396325e-01
-5.163056647906532071e-01
7.079631721086064866e-01
1.000000000000000000e+00
-6.886814415216117036e-01
-5.671573162846506033e-01
-1.956534014899037333e-01
1.000000000000000000e+00
8.213012611934855656e-03
-1.000000000000000000e+00
-2.437182438143465912e-01
9.978580283582894062e-03
6.401305771120373578e-01
-9.533386548238365066e-01
5.679435108578325675e-01
-2.707783827531273779e-02
1.000000000000000000e+00
7.655875096485454945e-01
-1.801276703430773063e-01
-1.000000000000000000e+00
1.000000000000000000e+00
-1.000000000000000000e+00
-1.000000000000000000e+00
1.827231957045214461e-01
6.947724342167025391e-01
-2.189649310123587544e-01
-1.000000000000000000e+00
3.790763234177975671e-01
6.142601673663581341e-01
-1.000000000000000000e+00
-8.033332095022431840e-01
-6.204293706585413126e-01
-9.047805544949669709e-01
1.000000000000000000e+00
-1.000000000000000000e+00
-9.689249658128095133e-01
4.982582138698482543e-03
8.283956868120034844e-02
-2.104480155368326777e-01
-2.495888901836448848e-01
1.234382673153240351e-01
-3.237467270025890520e-01
5.759736600020597397e-01
-4.429182453816869480e-01
-1.635392129992768728e-01
5.150245540729998517e-01
-8.179518275743915545e-01
5.766322939992269969e-01
6.235623957008884499e-01
6.624409881430678437e-01
-9.375897227599994110e-02
1.468308706184529022e-01
-7.879133860456855043e-01
-9.537192680495012453e-01
3.130147082924061852e-02
-2.400503448112407678e-01
2.695904471197398955e-01
4.301315792613246147e-01
9.231857511435223040e-01
6.792384949736374189e-01
8.650757464213933989e-01
-2.315712057041481309e-01
4.941160668464306127e-01
-6.973899914809691403e-01
3.294144397448889316e-01
-3.397445776184540578e-01
2.793514263135791764e-01
3.949497588748429600e-01
-6.309845065680746989e-02
7.588462524398781328e-02
-8.203091211188804355e-01
-1.000000000000000000e+00
-9.236982146930585724e-01
-3.849596239768872663e-01
3.502969684520902405e-01
7.788604710348380200e-01
-8.840211533082349415e-01
7.336825261405033327e-01
-1.604574088955110778e-01
4.920534125885488441e-01
-1.026582307778434178e-01
9.805178092933410916e-01
-1.899239801117437731e-01
-5.471456201658519980e-02
7.263054643315025594e-01
5.014545167862755060e-01
-5.393070278083333946e-02
7.723522985802617757e-01
-6.417967494764220682e-01
1.000000000000000000e+00
7.323047403367124453e-01
2.973432590928923314e-01
-1.000000000000000000e+00
-7.265287209204220886e-01
5.864081077399107000e-01
4.196652223314261687e-01
-1.000000000000000000e+00
5.946512767834176705e-01
-9.557150463305572607e-01
-4.786958182256240146e-01
9.864271784194967863e-01
-4.837738714458521549e-01
8.179475452566962179e-01
-8.558392943213048998e-01
-3.910751485418346718e-01
-9.057638164176460283e-01
-7.726122925011201792e-01
6.663171914885155367e-01
3.690388495571648164e-01
8.605483881273179314e-02
-1.000000000000000000e+00
-2.185490919064287940e-01
2.080206285893134721e-01
-2.007219077475517199e-01
1.000000000000000000e+00
-6.747930056369927376e-02
-1.000000000000000000e+00
-5.243020844698114136e-01
1.000000000000000000e+00
8.160513264511229936e-01
-1.000000000000000000e+00
1.000000000000000000e+00
4.464474056437404137e-01
-8.698581659268065369e-01
5.991787640850365637e-02
9.404664213366857872e-01
-1.000000000000000000e+00
8.295086267838813754e-01
6.403251427867961976e-01
-1.000000000000000000e+00
2.456867224728304100e-01
-3.385705726147157923e-01
-2.088625550642506656e-01
-8.157296533258806548e-02
1.000000000000000000e+00
3.102771215990916542e-01
-6.852252367216458140e-01
1.000000000000000000e+00
-1.000000000000000000e+00
9.257678700922604698e-01
1.000000000000000000e+00
2.247323639506158544e-01
1.132304782948694855e-01
1.000000000000000000e+00
1.000000000000000000e+00
4.927310605020240875e-01
-3.191795611140992861e-01
8.211659182023871295e-02
5.573905951715962814e-01
-7.813621208749397251e-01
-9.338168338845935779e-01
8.745731273444974363e-01
-1.000000000000000000e+00
3.726401123973688279e-01
-4.037480770540886610e-01
-2.570093428855007023e-01
4.164139009930978297e-02
2.463661514047459089e-01
8.309141632227490248e-02
-6.685524431297181769e-01
1.000000000000000000e+00
-3.733852980561712664e-01
-9.549966766227846460e-02
6.130079137488562147e-01
-2.715197741266834330e-01
7.576373982574291510e-02
-8.711178584519643220e-01
3.175577192391407233e-01
-6.472806875994829845e-01
-1.937120906744482784e-01
-1.000000000000000000e+00
-9.827046625349097342e-01
6.868829475175558530e-01
-1.713436275191896341e-01
2.078602083733689376e-01
9.038953595029574073e-01
9.767303324734311065e-01
4.231220635651982143e-01
8.148245265430795747e-01
-3.298445158767483454e-01
9.332322878292442780e-03
-4.400217777332499081e-01
2.272569287134610372e-01
-5.446208694344925050e-01
9.543574299974166841e-01
-3.507228682535947772e-01
3.958849959504131544e-01
-8.464943698675340134e-01
-7.668288877244486823e-01
3.425705514377421768e-01
-6.574916138059980764e-01
-6.361281631182202911e-01
9.441731368430201776e-01
3.733136185516892080e-01
2.437204817300366311e-01
3.227653728403796496e-01
-1.000000000000000000e+00
-1.000000000000000000e+00
-1.574348943499159492e-01
1.000000000000000000e+00
-1.361860481911799647e-01
3.465819882763283566e-01
-1.000000000000000000e+00
1.661512575655616636e-02
4.033879992998068431e-01
-1.005413856099503511e-01
-8.060562312541170726e-01
3.129064947199738933e-01
7.665564719037154529e-01
-9.259291256966629691e-01
-9.543150766259744788e-01
-8.889192273641843833e-01
-9.000090558762259274e-01
7.751950619081258154e-01
2.955029854492500219e-01
-2.320408696379534508e-01
-6.373103054660448352e-01
5.448570238707848290e-01
-4.871971751430646536e-01
-7.875337849222396880e-01
9.230178776524091688e-01
2.304979782947491618e-01
6.355207893574572608e-01
3.471279219856340248e-01
6.730435984605009914e-01
8.535246052393319349e-01
-6.505487845910407074e-01
-9.845111268939925608e-01
-5.314924325889138768e-01
-1.000000000000000000e+00
4.936603337162462357e-01
1.528657765974115179e-01
-5.345349008658122347e-01
7.004048747679102460e-01
6.056341252565682343e-01
-3.854278335055925098e-01
-7.214617980660253949e-01
1.000000000000000000e+00
3.745321667861583048e-01
-3.126016827470574078e-01
-1.000000000000000000e+00
-1.835019251200579182e-01
5.751875717299403945e-03
-9.762278387997902485e-01
4.108941541797875852e-01
9.471770388100575477e-01
-1.980402737662840806e-01
-1.000000000000000000e+00
6.954431451168526790e-01
-7.262055486536733717e-02
4.740023479996205436e-01
-8.203689233765998345e-01
8.347245309037500949e-01
1.000000000000000000e+00
4.485715159768258187e-01
-3.936446029313267481e-01
