-9.315594640706914564e-01
-8.486450705974832864e-01
-9.653125295842861220e-02
1.000000000000000000e+00
1.000000000000000000e+00
1.405957848899275220e-01
-4.749861831387497402e-02
1.000000000000000000e+00
-1.036839197774149790e-01
7.223074845790602438e-01
4.628303756306364480e-01
-5.554723906428387092e-01
-1.000000000000000000e+00
-7.620289666256983008e-01
-4.743694308227333623e-01
-1.624146162920784286e-01
-1.000000000000000000e+00
-8.264847531835342043e-01
-9.470702332974845206e-01
-4.362286780761516214e-01
3.244661625832353513e-01
-6.241582453453837775e-01
-1.741701641094074715e-01
-1.000000000000000000e+00
-4.690421958915430567e-01
5.105683923457092765e-01
-1.000000000000000000e+00
5.356462369255456935e-01
4.192244532513244026e-01
8.970413341364817938e-01
6.635847607498701617e-01
1.000000000000000000e+00
-1.000000000000000000e+00
7.143193968385164183e-01
1.380504296309698065e-01
-6.284370441733435619e-01
-9.479448412018672832e-01
-6.731031411438626044e-01
8.364083427624358080e-01
-8.276113146810976096e-01
1.000000000000000000e+00
-2.684960185210462091e-01
-3.924170204041347310e-01
3.336884557174986110e-01
-9.128300241925988434e-01
9.366272080946571599e-01
5.990763513511094818e-01
-4.262877458307429146e-01
-6.048590879324213798e-01
-2.109904345762725897e-01
-4.074472190330946098e-01
3.384696071366140036e-01
5.439121753712643503e-01
3.710677853581805241e-01
-4.384905447411390211e-01
4.800071215318600371e-01
-1.000000000000000000e+00
-8.473661330389672952e-02
1.909069956707657445e-01
-1.314727770906719828e-01
-1.994585113835936063e-01
3.253207182020569910e-01
-8.324720442654464092e-01
6.860806164636543691e-01
2.113644998578112499e-02
1.799986252608476445e-02
-9.174833362740885123e-01
3.487972239397791330e-01
1.460288937821420108e-01
2.259819194125700648e-01
7.793289860076390019e-01
-1.149802722073029471e-01
1.948840208792731177e-01
-6.113926440350452296e-01
4.165637780439921389e-01
-5.747150779907383988e-02
5.537233471969098542e-01
-5.750910446391575004e-01
7.740111072244229007e-01
-9.614200754524292458e-01
4.030338886204836157e-01
2.816251270697702758e-01
1.000000000000000000e+00
5.532941406173287335e-01
2.172392207733707392e-01
4.462472576003941316e-01
-7.878386040261622369e-01
-1.481764083884528627e-01
-1.390440570307415746e-01
-1.000000000000000000e+00
4.356992887207102871e-01
5.245454085846298353e-01
6.534071182380386533e-01
-5.264267385563718982e-01
-1.000000000000000000e+00
-2.903794084524162766e-01
6.182729919114219319e-01
6.461618564244812069e-01
-7.294761443457234984e-01
-1.000000000000000000e+00
-1.000000000000000000e+00
6.139735970797191023e-01
-6.655937502762042657e-01
-1.000000000000000000e+00
-1.000000000000000000e+00
-3.525344592840304880e-01
1.000000000000000000e+00
1.000000000000000000e+00
-6.316713551410509941e-01
-1.000000000000000000e+00
4.792911338176553127e-01
2.571964270667950192e-01
-5.914753217570856147e-01
1.000000000000000000e+00
4.911076760376028583e-01
-5.183166915595722735e-01
-1.075908802210465698e-01
-5.863918328143045144e-01
1.000000000000000000e+00
5.538346840901968715e-01
-2.790927211122037344e-01
-5.448368840309705252e-01
-2.997406751552797455e-01
1.029641140462638216e-01
6.285455082338509136e-02
-8.654188201724879459e-01
6.237764086691555132e-01
5.454916217296584824e-01
7.227651550264505564e-01
5.041105469366231606e-01
-8.913119898913929307e-01
2.757433158752071733e-01
-9.298540088224134248e-01
-7.297565671658794439e-01
1.283520797970923999e-01
2.195207975549161306e-01
-6.435242322416469263e-02
1.612600652841287285e-01
-3.357926372074017118e-01
8.351151188338583609e-01
-1.000000000000000000e+00
1.259823732734714485e-01
9.230154254063076547e-01
-1.921523366835216073e-01
-3.495595964868328798e-01
-3.049848814102659178e-01
-9.086888308537357517e-01
-8.953214839703531602e-01
5.656849081639808707e-02
1.656181345793922011e-01
-4.152718386096938552e-01
-1.000000000000000000e+00
2.457881006627449239e-02
6.141396682040201060e-01
6.424777795571525729e-01
-7.746276203646500491e-01
1.321302995761637344e-01
-3.999414354601942279e-01
7.496764656505001678e-01
4.419048779345355893e-01
-6.324229513463035524e-01
-8.693353063255230273e-01
2.712145859416490445e-01
1.280087027096784014e-01
1.000000000000000000e+00
1.000000000000000000e+00
-1.335338407760351953e-01
6.228145926626060813e-01
1.000000000000000000e+00
-5.164360187981111849e-01
-9.110561403300614369e-01
2.902816733334107058e-01
-3.619942285754492728e-01
-1.800772587688239668e-01
1.708552881824159375e-01
4.655138251595006826e-01
-1.736875037301531810e-01
1.000000000000000000e+00
-8.840713972736258253e-02
5.731167176603517710e-01
6.474976543114019378e-01
1.000000000000000000e+00
-4.755275191026698822e-01
-9.635272669887406938e-01
7.171876159422283514e-01
-1.374078711494337579e-01
6.530933858666708725e-01
-7.804058601240522197e-01
9.300793208424644742e-01
-7.441167767102618846e-02
1.153572250598084992e-01
-1.524622438146293335e-01
-1.555980352412500989e-01
-1.865990729327389186e-01
-4.823958715750231163e-01
1.000000000000000000e+00
4.429710946352330425e-01
2.634933511839019360e-01
1.000000000000000000e+00
-3.539754309374136820e-01
-1.003525858603531440e-01
1.065179987598104394e-01
2.641086613372815028e-01
3.713427937075288732e-01
5.856340758571665361e-01
2.509687459369474016e-01
-6.858492052027368446e-01
1.000000000000000000e+00
-6.271740807023252762e-01
-5.824417180888965540e-01
-1.691655361094908105e-01
7.795931971160827700e-01
3.528938038243470965e-01
-6.551531641623586921e-01
1.000000000000000000e+00
-2.263454972580863922e-02
-7.548273976539325858e-01
-5.503727764972792258e-01
-8.428480026602270803e-01
1.000000000000000000e+00
3.925136469072955103e-01
7.085615095010080466e-01
-9.990778660427728219e-01
6.720603424920157387e-01
1.000000000000000000e+00
-7.641650674407716171e-01
-1.000000000000000000e+00
9.407015848485896781e-01
-3.106062414407729372e-02
7.957559518785276564e-01
9.936210706336858767e-01
-9.602945364366272107e-01
9.621560468228482765e-01
6.447429943950562237e-01
1.000000000000000000e+00
-5.316154533434451768e-01
-6.249665239704937925e-01
-2.058434914932951165e-01
4.785782301117070259e-01
-1.292359378518370128e-01
-5.882094881197326153e-01
1.932280113905842089e-01
5.358517172001475704e-01
-1.311622396710440119e-01
4.846627874183954132e-01
-6.714288866332461803e-01
-2.721084753871634287e-01
-1.929166625983862460e-01
1.000000000000000000e+00
-1.000000000000000000e+00
-1.000000000000000000e+00
8.849884812209102281e-02
1.000000000000000000e+00
-1.000000000000000000e+00
1.000000000000000000e+00
-9.612815824051725855e-01
-3.020749641138866792e-01
6.849325563720403132e-01
1.000000000000000000e+00
-6.417408377574271294e-02
-5.174369637572204250e-02
7.639180528521960500e-01
-1.000000000000000000e+00
3.728880739774798614e-01
-5.408269757109267495e-01
