7.266638725055278858e-01
7.039320706364260438e-02
7.959521600549579468e-02
-5.541185559980714714e-01
-4.997444796671983713e-01
4.835077565164125346e-01
1.722920615322424132e-01
-1.864424623908651490e-01
-7.624340488117753445e-01
8.652085178043524838e-01
-5.072129622358367840e-01
-1.180786283308914442e-01
8.915716612548330033e-02
4.819818915210101196e-01
-6.350850205867397680e-01
8.143745200130783068e-01
-2.075282017437882764e-01
1.340238755589469033e-01
-3.963410219443774807e-02
-8.658665206210640619e-01
-7.199871898575520568e-01
3.480065938038314766e-01
1.272710297198553775e-03
8.213103427373531495e-01
-4.054175229427525728e-01
-8.074350846047804175e-01
-9.705296522234474477e-01
9.898807309506519880e-01
-2.547208133802707497e-01
-1.770430016004789220e-01
3.202336783216337412e-01
9.055636433349243397e-01
-3.860345702958996039e-01
-2.101142908865392123e-01
4.576365737688936619e-01
-6.748543510605988782e-01
6.455798272499559953e-01
-5.258461763663100363e-01
8.463816186545878306e-01
-2.050799148098692015e-02
-9.662006720699303219e-01
8.818048263305500178e-02
-6.792952171155819396e-01
5.863160692963365062e-01
-1.617104732587141269e-01
-3.248678330281506987e-01
-5.552827835611466867e-01
3.077083411255604473e-01
6.908783205446513698e-01
1.582169773829626980e-01
-3.028543766484004252e-01
-1.847474241220807833e-01
-2.087628773600664900e-01
2.047820271726267238e-01
2.086401768986414496e-01
-6.938786072017522066e-02
8.953496149327992981e-01
-5.186602401736943868e-01
-2.092580906631404947e-01
2.312341628770184787e-01
-9.982990447556066016e-01
8.614287444692059204e-02
9.060110093873302572e-02
-9.078524213548933020e-02
3.982577319849771591e-01
-4.480190040864717727e-01
9.047093751195194322e-01
5.915258801205096617e-01
2.085764278301949215e-01
4.715109368883398933e-01
-1.111303640240517421e-01
-4.158404550213845585e-01
2.044609868314453127e-01
-5.689459380758086215e-01
-8.787179085165774950e-01
-3.754809524905391438e-01
4.878220803165191910e-01
6.224197416943828554e-01
-6.643133414278006299e-01
8.070762734799421523e-01
2.325167929945499701e-01
8.209157775081215025e-01
-7.590521164489520967e-01
-3.544018363091165913e-01
5.896213992050243213e-01
8.779766060206388723e-01
-8.285342770651673572e-01
-5.443149115668666216e-01
-1.000000000000000000e+00
-3.989911684340470277e-01
2.799220174196590527e-01
-5.073206299251384888e-01
-2.429995554858308537e-01
4.099315902115101551e-01
-2.408094764171364588e-02
-1.000000000000000000e+00
-7.844592420709783909e-01
6.225178514631759530e-01
-5.269145813732185601e-01
3.957028261914417033e-01
1.860562553588736012e-01
-4.173876754086753849e-01
-3.635212995751335718e-01
2.857166428413160375e-03
-8.881798913043077448e-01
-8.736063924179766627e-01
-9.726460291334757535e-01
9.059111606563430286e-01
-5.513132393932991260e-01
-5.409317545882810219e-01
7.558393574800281733e-01
-4.862770377588374604e-01
-3.520376649057304075e-01
1.700076315419762896e-01
9.543086320092770691e-01
-4.932875192566748002e-01
-1.684349895763432858e-01
1.910981998373546542e-01
-6.787400082437644588e-01
-1.328233279905706166e-01
-8.831277674002191436e-01
-8.269834428956217565e-01
4.436918081018248472e-02
2.134219110037238742e-02
-6.992694527982261654e-01
-3.783135700163515747e-01
-8.855406185117291606e-01
-5.727226931147911815e-01
9.785035398667509821e-01
-4.496565700104189212e-01
-2.050064506687732102e-01
3.288887893549308217e-02
4.711184325131219097e-01
-1.160609528858349559e-01
-4.512593002071052517e-01
-1.000000000000000000e+00
-6.923595248543490399e-01
6.264728289618237689e-01
8.373807489315963082e-01
-1.449877676570359153e-01
7.056061900446983781e-01
-1.135839211971600982e-02
1.262649396529800239e-01
7.858147139902402767e-01
2.444008111431879016e-01
-9.809477313971060042e-02
6.901143860233742711e-01
1.117876654045020235e-01
7.203545805943925018e-01
-9.926617735938743081e-01
3.307460626731734132e-02
-8.622569513665893082e-01
-2.893866574819625725e-02
1.149993841026033525e-01
1.859311648573926945e-01
3.894098629017634927e-01
-2.257764538057260850e-03
-7.978097271480353303e-01
-3.310492211876159274e-01
-5.994316513717137251e-01
-8.821714764570780520e-01
9.356552145140346610e-01
4.921255887045490329e-01
-5.243200657520235008e-01
5.277441507115181452e-01
-6.581845679941498162e-01
4.628440418711446958e-01
-9.993760523870887091e-01
-5.254665256859314404e-01
-4.966684599677395617e-01
9.909160307734081741e-01
1.000000000000000000e+00
1.000000000000000000e+00
1.000000000000000000e+00
6.410271620162358852e-01
9.223495486467403470e-01
2.412896353526015059e-01
-7.423060168810253767e-01
-8.450128716007681007e-01
9.549715380182837166e-01
1.000000000000000000e+00
7.476901900731576234e-01
-5.778838591113855117e-02
-4.126391472807713345e-01
-8.304728402964389744e-02
6.185524354037881256e-01
3.645627346279256553e-01
1.582124829894682172e-02
-1.174099518619506899e-01
-3.316097828268751435e-01
5.988322278551532207e-01
-9.996927519905163262e-01
-1.626382554041461148e-03
4.818682640776428272e-02
6.203385970827588469e-01
-3.756906764303735713e-02
-2.515993959427766935e-01
-6.383111848323169690e-01
-6.785734595612678000e-01
-3.681853315150092065e-01
-1.949473416847575802e-01
4.132184539588671379e-01
-7.527261157870440700e-01
-3.224095761074741162e-02
3.694168034196108064e-01
-8.716110272169905748e-01
5.650226432164100476e-01
2.576321716417826480e-01
-7.949085433470484130e-01
-2.740603278776092555e-01
-6.159340542689543119e-01
7.699772873642107829e-01
3.433707626346318431e-01
3.557962639317016063e-01
-7.780308472830792521e-01
-6.041369519334853777e-01
-5.803116669826469121e-03
-9.580229893808684949e-01
4.221380876235932278e-01
5.229772824796228292e-01
-6.706156736523614104e-01
-8.544330831650235325e-01
-9.629187150757079205e-01
4.238255232838104014e-01
-5.839811222258908252e-01
-8.474185528308100235e-01
-3.873707737830978104e-01
3.910856074156767725e-01
7.816776354851782127e-01
1.903025925595251966e-01
-1.696775957604756968e-04
3.168093229151438539e-01
-3.354580163752021171e-01
-6.045401432523214158e-01
-9.818576929501994233e-01
6.896972922290571795e-01
5.349593541147035225e-01
-3.188406360824118657e-01
5.166778137718310848e-01
9.648651958431231357e-02
8.472902278940994680e-01
-2.972010684827024463e-01
-6.657165283199102390e-01
9.170131019131466665e-02
-6.160372754733898226e-01
5.405819740682633601e-01
2.547003390658255650e-01
-7.462422724734805168e-01
6.350817385493214839e-01
-3.226031782949567717e-01
5.208717760789185469e-01
-1.056959786826192627e-01
9.297585931530087944e-01
9.030899174155826437e-02
-4.073956275537502503e-01
7.598764492340366328e-01
8.819300131098550821e-03
-7.731042580194711356e-01
5.281940465749555003e-01
-8.685201545096736808e-01
7.387633793672410132e-01
4.958723900670485296e-01
2.622762033733907483e-01
-9.971164132996928053e-01
7.724426651406721689e-01
