5.332413116171497158e-02
2.473898306622844268e-01
9.858134830023944639e-01
2.945290637648466658e-01
-6.040057047021507586e-02
-8.240501094675479754e-01
8.771658697979676234e-01
5.644504943552521858e-01
-2.834077962172126819e-01
-1.406119499910918336e-01
4.485894432903700935e-01
1.000000000000000000e+00
3.701360598703125060e-01
7.750748964736664526e-02
-1.692603287116232202e-01
4.987734716200225016e-01
6.767279551015539241e-01
9.374711759101219677e-01
5.352989929646754241e-01
1.004872715627080915e-01
-6.295721598282659759e-01
-1.443459071461934418e-01
7.677204069869636438e-01
1.000000000000000000e+00
-1.000000000000000000e+00
-5.238450374604484150e-01
5.823786347827197840e-01
1.000000000000000000e+00
7.032037441588316895e-01
-9.163934725490641142e-02
1.000000000000000000e+00
3.851398951190749820e-01
3.232177039663586826e-01
2.699094727763577950e-01
-5.450885469294275421e-01
6.409226688522340343e-01
7.489092664072796168e-01
6.225625657159984672e-02
7.231567808792189744e-01
7.994486309084034570e-01
7.424011304531737965e-01
-1.000000000000000000e+00
-3.793308651661655428e-01
3.043020980095467731e-01
-5.360205231351404809e-01
3.308097129393757774e-01
-6.539052302421122231e-02
6.365071540490299107e-01
7.776740656657132877e-01
4.996324778499041663e-01
-2.932474862068844557e-01
6.120665870055059798e-01
-1.840787554698939399e-01
4.489504086169107122e-01
1.244579811864904295e-01
9.777213471003169953e-01
9.121629139377633866e-01
-8.513913088219684511e-01
3.909733320856237371e-02
8.747030291723807416e-01
7.355541098541928946e-01
-4.191016575776788655e-01
3.694657880617573387e-01
-5.968360226096525167e-01
-5.999053210001170644e-01
1.361157241586066213e-01
2.742583862724456978e-02
-6.163752396466890549e-01
-4.440141170547634020e-01
-1.000000000000000000e+00
-9.432642917353586398e-01
2.514201889473532958e-01
8.084049586189465675e-01
-4.924911489158820266e-01
-6.182594715868827695e-02
4.757199661708724214e-01
7.656671190794808179e-01
-9.917715358469418874e-01
-7.608266411951003505e-01
-7.103962607675466945e-01
-4.158856831852637548e-01
5.370667779415019272e-01
-4.512933158994720806e-01
-6.963359781931162118e-01
7.825653667360137344e-01
2.151452905889295053e-02
-9.017590382707421082e-01
-4.350370376344765422e-01
2.822952653240307086e-02
-8.482722230653563233e-01
-4.354475472002943270e-01
1.000000000000000000e+00
-1.523748206130599581e-01
-7.267573637961954880e-01
7.150222866603832550e-01
8.680331116801265345e-01
7.686309020358457200e-01
7.163458325174756336e-01
4.260188419345294353e-01
-9.622526970385207878e-01
1.972247661589763279e-01
6.641072782777939221e-01
-6.585988531551416614e-01
-4.177986860882518805e-01
9.613159079767701343e-01
-9.046535186388258154e-01
8.980227909239224537e-01
2.351239738188892758e-01
1.000000000000000000e+00
3.720376320839484663e-01
5.883966928469255286e-01
-4.696685440323054017e-01
4.858664107074117666e-01
1.817088398051591724e-01
-1.000000000000000000e+00
-8.041181473256675538e-02
4.248612323407378599e-01
7.024893751333638470e-02
-1.437438537368738167e-01
-7.337615491320550465e-01
7.858758114936927885e-01
-6.315718815758240012e-01
-3.885775096077407342e-01
-6.686402757537668329e-01
-5.504397811318428868e-01
8.737251967684647180e-01
9.334707536245434589e-02
2.853401513597941808e-02
5.169145161344644857e-01
-2.793606189165798170e-02
8.482210389589315280e-01
3.796998751902085356e-01
-1.000000000000000000e+00
-3.097469768748944974e-01
-5.441338068664998140e-01
7.533652520245781581e-02
7.037139865527765048e-01
4.021209950327357951e-01
-3.844806581972297632e-01
-2.948391954139020221e-01
9.575765275151930656e-01
3.804528704802358496e-01
1.000000000000000000e+00
1.963403303585107285e-01
-7.612911139091614876e-01
-3.600647778364949314e-01
-6.451663182189995016e-01
2.292615368393532416e-01
-8.160013868371818191e-01
-8.805952627477962036e-01
5.225196454659792877e-01
5.559095065870960362e-01
-1.534670928879307006e-01
1.000000000000000000e+00
-3.705546626156974721e-01
7.975854131601205488e-01
-7.552676039561645460e-02
4.140153119229359469e-01
-8.472751266428657502e-01
3.170935691146932189e-01
5.924415927964414852e-01
3.209060176265385866e-01
2.468839052454723237e-01
1.382919373590201229e-01
-2.977778442288374627e-01
-4.250896256427003639e-01
6.183012641988272495e-01
9.364570612079490264e-01
7.986734643723725213e-02
9.602497704359975739e-01
6.636726672090711432e-01
4.018111801182799869e-01
4.829475913919405450e-01
-1.000000000000000000e+00
-2.792766282182029269e-01
-9.789788718972638470e-01
1.000000000000000000e+00
-6.202028440351574634e-01
4.373329160320567066e-01
7.914674059704256415e-01
-4.028400475942528480e-02
-3.997578816783837752e-01
6.408782629173220835e-02
3.522474038378109462e-01
-8.118597564678897704e-02
-3.317280230562960064e-01
8.065554944727448827e-02
4.372323077582066508e-01
-2.776302610851235642e-01
-9.816131982180452686e-01
5.321954155466693814e-01
8.777579949820183414e-01
-2.176661423828263331e-01
-6.095875656106053420e-01
-6.112684235302641156e-01
-2.701710725320933815e-01
7.562024211453908240e-01
8.690351995003553487e-01
8.074001957972747334e-01
-9.268778273684166180e-01
6.657301925492977723e-01
8.233281176446738403e-01
5.384229845914316748e-01
-1.000000000000000000e+00
-9.184061709774811177e-01
-9.266248745170151402e-01
-7.246543709749095896e-01
-3.400871577667263779e-01
-4.767027511688428643e-01
5.322018964609791514e-01
-9.647424738875090000e-01
-3.328111123799692983e-02
7.797255597952095219e-01
9.439274622766740119e-01
1.853686649025101385e-01
-6.134454667073353518e-01
-6.365294779712113993e-01
5.347992386645556984e-01
5.270947071867819744e-01
-8.798453544527107262e-02
-4.903912511657543272e-01
-2.102603795776043505e-01
-1.404257299444542362e-01
-1.411083231722597420e-01
-3.992186356417630755e-01
2.097391077645761881e-01
9.434447060755986048e-01
-3.336306240899589159e-01
-3.506933309430175782e-01
6.901874724804322181e-01
-9.511210189723020569e-01
-9.075848518043529989e-01
1.000000000000000000e+00
8.896483827280012857e-01
1.000000000000000000e+00
-6.706015166546636097e-01
-4.117678598837821724e-01
9.299172319995605562e-01
-4.610916327975804752e-01
3.698240578837321824e-01
6.291196111490333642e-01
-7.523996015083544986e-01
-2.995320770543765665e-01
-1.888007408856600122e-01
-1.454563231015278957e-01
-4.861097368204723157e-01
-1.953286036496241218e-01
-9.800454162151315263e-01
1.000000000000000000e+00
5.863530299321213501e-01
-4.639262166253030895e-01
7.130901520123049675e-01
-1.189217973499182568e-01
4.323838274733473597e-01
1.000000000000000000e+00
-1.000000000000000000e+00
-5.836534039326823908e-02
2.016944522512866822e-01
2.785714294904659827e-01
-1.558935761811874876e-01
-3.817462720051727487e-01
-4.932091509695630815e-01
-4.916062855757217243e-01
-4.283719624325998954e-03
8.462497389994174668e-01
