-2.096705355336681703e-02
1.000000000000000000e+00
-6.418874539391385969e-01
-8.964025168062321747e-01
5.956190732454582637e-01
-1.000000000000000000e+00
-7.188358711879764273e-01
-1.586063442604834783e-01
-2.979215084757347309e-01
-6.172811621350032807e-01
-7.565887269291516892e-01
-7.728879539013177036e-01
8.912576542067153218e-01
1.000000000000000000e+00
-2.199772159417140438e-02
1.000000000000000000e+00
-5.306111626058835906e-01
-1.000000000000000000e+00
-4.991860196617399215e-01
5.945850663598124530e-01
-1.000000000000000000e+00
7.590015202611685163e-01
-2.401870539576852481e-01
9.728374087557586924e-02
1.907355133806076797e-03
9.455059389388195124e-01
-1.826542975003594138e-01
-4.665679975013850012e-01
-4.356921606344192899e-01
6.483998868443505703e-01
-9.136708276904719206e-01
1.000000000000000000e+00
3.886390506691047575e-01
8.736318906812248763e-02
-1.000000000000000000e+00
-1.000000000000000000e+00
-9.957104776393923551e-01
-1.078457232682918099e-01
-3.876088298109109931e-01
-1.211658988551976845e-01
-5.062709043085207306e-01
8.237902136567952782e-01
3.365896941569650469e-01
6.400899365772426686e-01
1.000000000000000000e+00
-1.000000000000000000e+00
1.000195930888991835e-02
2.474261506354098472e-01
-4.852296333819309804e-01
3.906924664662724811e-01
1.000000000000000000e+00
3.570556343525214116e-01
-9.523745581422526918e-01
-1.000000000000000000e+00
-1.000000000000000000e+00
-2.049621335486537799e-01
-1.000000000000000000e+00
7.839215289653800323e-02
-3.377478594145675861e-01
-7.107181496135450693e-02
-1.000000000000000000e+00
-6.967996315494737747e-01
-1.612291759259963375e-01
3.190186356613470275e-01
4.299351938419509467e-01
1.092559914519990460e-01
-1.000000000000000000e+00
-8.919573938326321727e-01
-1.000000000000000000e+00
2.442627535265259886e-01
-5.034042819271671299e-01
-1.463200708521334437e-01
-1.365750851462138593e-01
2.437216495778180558e-01
1.255718815623774187e-01
-8.476549540827642559e-01
-2.955035943036554702e-01
9.981639100020787136e-01
-7.530519639915689289e-01
1.000000000000000000e+00
-7.543517037299498629e-01
6.826837386519671314e-02
-1.000000000000000000e+00
2.678080216146425663e-01
9.286627216606406776e-01
1.000000000000000000e+00
-8.199033286825851974e-01
-4.465449210625228593e-01
-4.112465220249624243e-01
6.017161206608684365e-01
-7.038015068083582904e-01
-4.377190696056048047e-01
1.000000000000000000e+00
-1.000000000000000000e+00
1.109451020754191886e-01
-7.588798619765160236e-01
5.076968621986237551e-01
7.987043577707297892e-01
-1.153424406414618048e-01
1.431884719234541858e-01
-5.699624404099603581e-01
-1.000000000000000000e+00
7.673641396364929701e-01
-1.000000000000000000e+00
-4.662226259743790235e-02
-1.000000000000000000e+00
3.559134126243412855e-01
-9.110562906468611111e-01
1.111374526180460842e-01
-9.840926678941190886e-01
1.000000000000000000e+00
-1.000000000000000000e+00
8.287028141414722882e-01
8.009916688306349952e-01
2.476458064821652760e-01
6.564598334020832482e-02
-3.699848130290346315e-01
6.786835009611988934e-01
-1.000000000000000000e+00
-1.000000000000000000e+00
9.552253511391650687e-01
7.109137573952148959e-01
-6.566182517471603752e-01
-7.142205753016294123e-01
3.437443307834460726e-01
-5.256481780015834770e-01
1.000000000000000000e+00
5.543667120155005845e-01
-2.323350187386469257e-01
3.334765920778216541e-01
1.000000000000000000e+00
4.721719617253674617e-01
3.515258176252130107e-01
-1.455992319172337846e-01
1.000000000000000000e+00
6.649314021213044434e-02
-2.224705793785849983e-02
-1.732721870140357945e-01
1.613508169787896129e-01
-9.421215594361969092e-01
2.359689365651273518e-01
-8.667930374897103718e-01
-7.698617882624516628e-01
-6.757364201544484583e-01
-3.367593192807072366e-01
1.954273523019705028e-01
1.000000000000000000e+00
-1.000000000000000000e+00
-7.972938493800861837e-01
-7.375176618608185741e-01
5.927324688875862391e-01
-2.947005362076055568e-01
5.889118659959953206e-01
-3.515830195117395363e-01
4.281479249007840160e-01
1.000000000000000000e+00
1.046248325225994646e-01
-4.425451454945901197e-01
-1.000000000000000000e+00
-6.132454867158142475e-01
4.558839289708249698e-02
3.481322735906526855e-01
6.970070179623208961e-01
2.677275044068396781e-01
-9.309836405066415077e-01
-6.704345722615805414e-01
1.000000000000000000e+00
-1.000000000000000000e+00
1.026859881337793684e-01
-1.576787737468530182e-01
9.653202979559112329e-01
-3.349648104553643035e-01
4.709333525509022955e-01
-8.940805501343742634e-01
1.062066288108335921e-01
8.506603620191497406e-01
5.120286780868921195e-01
3.922283921003465457e-01
2.713779766996402554e-01
6.978444410711804879e-01
-6.605212168640023362e-02
3.179637196765658369e-02
8.186898545753155121e-01
-1.000000000000000000e+00
1.000000000000000000e+00
4.664141009847890817e-01
-4.016855648741768370e-01
-1.000000000000000000e+00
-6.436313218310345530e-01
-1.000000000000000000e+00
1.000000000000000000e+00
6.248085516240043935e-01
-1.619283886627368441e-01
-4.313606360611864643e-01
7.191912986469560787e-01
-1.000000000000000000e+00
3.099209466267450752e-01
-2.286237213400746648e-01
-7.160445874405536593e-01
1.549540071952967557e-01
5.070143153850453777e-01
1.179230954621321020e-01
4.051390133400307736e-01
5.252521528921226812e-01
-1.184707021381346675e-01
-1.000000000000000000e+00
-1.000000000000000000e+00
9.302967216936230965e-01
-7.174179972556959939e-02
5.396680282923632666e-01
-2.835767560242025143e-01
-1.673093246796581723e-01
1.923161225814326580e-01
1.000000000000000000e+00
1.000000000000000000e+00
-6.922231874326034706e-01
6.869645623505188370e-02
-2.587203852272642601e-01
-3.866647859714271718e-01
3.505477289401892627e-02
-3.702816647888546031e-01
5.216353444886736579e-01
-1.140712146824861550e-01
3.036731140393715833e-01
-7.399262122003377184e-01
-4.614895104225993361e-01
-3.375825982352204657e-01
1.895002878143739466e-02
2.652077050012396908e-02
-8.557870929719447739e-01
-1.000000000000000000e+00
6.498699607681677204e-01
8.446414048085761905e-01
9.158100133433945134e-01
4.380976650759073610e-01
-8.682284448998478510e-01
1.339307875180892893e-01
8.493125850600947713e-01
1.000000000000000000e+00
1.000000000000000000e+00
-1.000000000000000000e+00
-1.000000000000000000e+00
1.000000000000000000e+00
-1.000000000000000000e+00
-1.583303805076724247e-01
-2.781523627862636516e-01
-1.000000000000000000e+00
-9.376838116783855481e-01
-1.000000000000000000e+00
-5.294098793897994426e-02
-6.192763580482730790e-01
-8.346633725963819028e-01
-9.013945367705678002e-01
6.093109979168642720e-01
4.651708733082630109e-01
1.544228493541602854e-01
5.452567247156558938e-02
3.683915585265971626e-01
-1.000000000000000000e+00
-7.486510839997440048e-02
-1.463922447136331573e-02
4.291025936494762272e-01
6.223091205856590147e-01
2.853219320255577784e-01
-5.276145603062698530e-01
