-9.525207538951168118e-01
2.166607111225429261e-01
7.372005405911463694e-01
1.000000000000000000e+00
-8.308873031630659156e-02
-4.279151300251187173e-01
1.657482484389347643e-01
-5.465111015102150915e-01
-6.086541097129793965e-01
-5.253542220183844424e-01
9.649674074864040829e-01
-6.874343286149677823e-01
2.134929956196984779e-01
-7.593420677032904909e-01
-8.486715579085613026e-01
-8.489604118783382614e-01
2.227241049745940504e-01
3.516853206547776445e-01
3.457825130705497463e-01
-1.422623672299129227e-01
-9.734536550270525002e-01
7.095947566185283328e-01
-4.089530706104904656e-01
-6.457220911768730698e-01
9.856869396397891503e-01
-9.176122537814460078e-02
2.052974063702810159e-01
3.719747566739961542e-01
-6.363306198673734926e-02
-3.171035046941041435e-01
3.743270322224983016e-01
1.000000000000000000e+00
8.950428845543414447e-01
-5.641301135593406180e-01
-8.809073427420514857e-02
5.647207616984697420e-01
-9.777216192921645010e-02
-5.061932725790774246e-01
-6.485609982818443253e-01
2.118249914469492179e-01
8.023073540139200599e-01
8.905597380094456561e-01
8.587058731516676868e-01
-1.169040570365551535e-01
1.749120719616956698e-01
4.207805250377741890e-01
1.000000000000000000e+00
1.622063893317643446e-01
-5.242996530696710789e-01
-6.174475833870350927e-01
5.974960521131020830e-01
-1.080421814580330153e-01
-4.637657053702037846e-01
2.864862840366935171e-01
6.922800894423597473e-01
9.097346664054948295e-01
-6.536467213192518333e-01
7.502993020561448123e-01
2.303139345653182346e-01
-4.023951116328083888e-02
1.822878948779940167e-01
-3.409886561983968001e-01
-5.998111543508102272e-01
-9.282185437561387698e-01
6.574607888843735370e-01
8.394924649651985815e-01
-2.315884087447757644e-01
-2.196802839240510341e-01
9.374785571597881173e-01
3.696121365173521411e-01
3.147016342214958851e-01
2.909592084741239315e-01
4.617920109418873764e-01
6.682196783591767275e-01
4.064323196549252115e-01
2.025106022505873127e-01
2.675693836820506877e-01
-1.117320480635821678e-01
6.828126004033192586e-01
-2.907116747164099624e-01
1.015739349543410275e-01
6.506492697587762386e-01
9.733210790671575907e-01
-3.567773425177343527e-01
6.635777689456936468e-01
6.588403239894311536e-01
-6.642526299210332885e-02
3.062785162799042116e-02
-1.005165193302424154e-01
-3.229230555266682234e-01
-5.287103285810652586e-01
5.226472138923314859e-01
-3.165370007378043304e-02
-9.664185301819780971e-01
-9.749554763041290428e-02
-4.701633297842611192e-02
7.326691770797437719e-01
1.124904742687226067e-01
1.426914785462936042e-01
2.746554342807911997e-01
-3.696953460121217283e-01
-7.699275633627529203e-01
5.153569444753497431e-01
4.791499310965637859e-01
7.142243537789985108e-01
3.620431649459958656e-01
-4.707448670453580064e-01
-3.308416801127418427e-01
8.684463074087971357e-01
-7.095294367896299859e-01
-5.789328278473515610e-01
7.733151953630830189e-01
-9.786111860625594794e-01
-4.971484810807196286e-01
-3.376738288271843302e-01
4.776278874105734928e-01
7.974269138955921710e-01
8.193140051023440895e-01
4.690236662825186809e-02
-9.777814619936968654e-01
-1.016979954770043104e-01
-1.687199139221078337e-01
-3.421476299435526336e-01
-8.277461786086306450e-01
5.778986011173021797e-01
-3.941330677269871963e-01
-3.278353459435380257e-01
1.755124448861655750e-01
3.100259139602530301e-01
5.737501058457648018e-01
1.000000000000000000e+00
9.201553658823864446e-01
9.563165207219224140e-01
6.098632688629768150e-01
1.303127380724204976e-01
8.064636641810649653e-01
-8.011949087004308634e-01
-3.836465915115232495e-01
5.330375672286173927e-01
1.150634917529245183e-01
-8.060229959965936608e-01
-3.264545876958386827e-01
-6.124835438775511065e-03
6.940724225876723774e-02
-8.710401530390718960e-01
-8.319153982788880519e-01
-3.831278028842330929e-01
-9.275374389585120394e-01
7.906184770761546243e-01
8.225855631872049933e-01
-8.152925832979351917e-02
7.999259155998974524e-01
3.570751070713118480e-02
-5.836185567623779491e-01
-1.216134128116708180e-01
-8.500732669269805974e-01
7.208636438794677748e-01
2.219640261008304361e-01
-3.401430148718225244e-01
6.628418122735153517e-01
-8.174678623939115596e-01
-8.460819408530666497e-01
8.856654417759350917e-01
-5.714983740856447447e-01
6.245466790651202915e-01
2.467507722584836305e-01
8.602206163445416109e-01
4.998405328321031682e-02
-7.333022002272866491e-01
-2.474653196194394611e-01
8.706859756240359349e-03
1.302819431287245422e-01
8.360842215570676306e-01
-5.727867460751281392e-01
3.598628894743913786e-01
4.131023055850209236e-01
9.632103341047210110e-01
-8.677176868387168618e-01
-2.249694098054519920e-01
-1.000000000000000000e+00
-6.531639316455091215e-01
3.170547177400451222e-01
-2.963751224449253652e-01
9.835420464137838437e-01
1.461874297325693739e-01
3.596089440463765552e-01
9.268424425077261830e-01
-5.104431659292476553e-01
1.178929739576266567e-01
-5.322610976832153895e-02
9.784000972007014241e-01
7.165837379921136119e-01
9.579031312185282143e-01
-4.786294119150227289e-01
-1.407617979027326882e-01
5.604338546421397949e-01
-4.421365543892150640e-01
5.558388011850052823e-01
4.934771515981704049e-01
6.132305701251095087e-01
-8.283142255030395695e-01
5.055247699294653785e-01
1.000000000000000000e+00
-3.461988371409908671e-01
-4.820278326851901163e-01
7.967634473072127133e-01
-4.828654972078645358e-01
-4.181586161956796915e-02
6.740963483711448490e-02
5.716258247334575771e-01
-1.000000000000000000e+00
3.217788746721352844e-01
-8.375740088268677219e-01
9.270500786822959416e-01
-8.731487252361860296e-01
5.538969468069607771e-01
-5.991001904966368752e-01
8.570768378486162131e-01
-6.247371926435041356e-01
-9.831565459847400046e-01
-7.268591694895987221e-01
-6.913582687582986441e-01
2.280186880652990133e-02
-1.476110261296343928e-01
1.623561015207461988e-01
-6.405403874295423350e-01
4.425245127862124650e-01
2.058633358316759310e-01
-4.972195010523485781e-01
-8.387829950551415337e-01
3.594012628872191861e-01
-8.397145400008880767e-01
-1.359729467739917430e-01
7.001938677651526888e-01
5.574507979043197281e-01
3.921847597228669269e-01
1.462641301497276114e-01
3.281488641630614378e-01
1.951387401146746914e-01
1.000000000000000000e+00
8.072225241001074192e-01
1.458636492954747954e-01
4.132829706203402509e-01
-9.789308740716040624e-01
3.548165971597951884e-01
-6.563860529209293304e-01
-9.205631043929307644e-01
7.538928765740927629e-01
-2.687548481711614645e-01
-1.868164009692712124e-01
-5.178858243044714982e-01
-4.208504975316338381e-01
7.991366328573881184e-01
2.952670592340516098e-01
-8.619237897994138642e-01
-2.513853428645724808e-01
1.000000000000000000e+00
7.704203827640370150e-01
1.000000000000000000e+00
9.895741094471031118e-01
-4.970125507734852732e-01
-7.207827633621315400e-01
2.298564171472696760e-01
8.465303596558990673e-01
7.762003853426269195e-01
