-6.065912777234303555e-01
-7.598816236351777498e-01
-4.827338435496537628e-01
-5.855373918107991127e-01
-7.801471527168828413e-01
8.081284357203393220e-01
-6.172535549569823088e-01
-4.999465067275943309e-01
-5.690952430880805712e-01
3.920954989749647623e-01
9.523468069733886932e-01
7.408244177589229373e-02
-3.639361638316467307e-01
-7.086388313412457229e-01
-3.281968881402732574e-01
-6.722155048152784751e-01
3.611532033608655379e-01
6.696431118453194387e-01
-9.389299192633915325e-01
8.875807177504448919e-01
-9.276632107575608632e-01
1.044775448952757202e-01
8.228540756896711716e-01
8.149192507370153216e-01
1.771142201496322954e-03
3.707844405530338339e-01
2.996935745346565039e-01
5.784094937726962371e-01
1.651255897863443955e-01
1.678478753770660248e-01
-7.906174859455465942e-01
-7.715328030943722215e-01
1.359858867982053354e-01
4.210996719924309240e-02
3.908501791725662589e-01
-5.971762684633610263e-01
-8.076655154714584839e-02
-8.100593868847065782e-01
2.485487712272616001e-01
-6.723474935082844883e-01
9.121768328354689093e-01
8.937596637926770171e-01
-1.207759765252869322e-02
8.943377443096276469e-01
-2.135704168216081555e-01
-8.152053928065290389e-01
-8.609823408386585442e-02
1.750708319553981873e-01
-9.927882303473232195e-01
5.610861415971577504e-01
3.170860532077588445e-01
-1.265963299083994187e-02
-6.261372559956073225e-01
1.388266904578117078e-01
9.987208708453823025e-01
-3.638807365987584141e-01
2.352949349301307613e-01
5.062784586256392494e-01
6.602354989974013044e-02
-4.067645310443681606e-01
-2.526163129238083727e-01
-8.554109929129098955e-01
1.286946951917244952e-01
-4.761851086700934488e-01
-7.400200877928710952e-01
4.659765463735938695e-01
5.400095945611327330e-01
-6.992772025873088548e-01
-6.398919178047646206e-01
4.344882336330628814e-01
-2.819217039988324291e-01
-4.337315733759736780e-01
-6.013885888974006555e-01
8.179465493973081536e-01
6.824268094415961716e-01
-9.070961440061700021e-01
-5.649577715660327737e-01
6.049655042281045780e-01
3.477282782292201446e-01
-6.867677895304693525e-01
-2.174302288427214513e-01
-2.432256575477353966e-01
6.538908768789231107e-01
-4.509573741517709511e-01
-8.207888021516440702e-01
6.014883303370366363e-01
1.837781285884048099e-01
2.975629721305113051e-01
-3.266498960093231485e-01
2.206279373672916932e-01
-9.032886331894873777e-01
3.842278173584006140e-01
9.782731017854535693e-01
1.615169943822009069e-01
9.775868100744440348e-01
-2.497415683933785768e-01
-8.971969378714246268e-01
-8.087601234626620172e-01
-7.196126266395497240e-02
8.294001464702547288e-01
6.891234579549543326e-02
-2.243854730659275987e-01
9.534990228045225891e-02
-2.796633737091267502e-01
-2.021474475128559600e-01
2.731999469824879512e-01
2.297977899045569039e-01
9.939007404020168135e-01
-1.558848977873295016e-01
9.377619339239333662e-01
3.298416124834098184e-01
2.989760207173810524e-01
-6.961698175902419905e-01
-4.006572316498966391e-01
3.764788031131254264e-01
-2.423289960154542122e-01
7.154299907190821983e-01
-5.418207343528140818e-01
-3.332883819269214509e-01
8.298345157341402434e-01
-7.227167084565826460e-01
-8.647518527025144230e-02
-8.312804863414080536e-01
-6.883976565405454107e-01
-3.359344821232190803e-01
-9.794128195615841026e-01
3.727974703118490662e-01
1.442155483653835280e-01
-8.008896758111836434e-01
6.967654531694436049e-01
-7.865499390221863951e-01
2.428925540873549949e-02
-4.831283160352795036e-02
5.314165950295854923e-01
8.258015832461607086e-01
-4.313469498059891993e-01
5.606933446490671713e-01
-1.239818931406737601e-01
6.783228124490541244e-01
5.937569307553507425e-01
3.505323384125127451e-01
-6.685781500085801188e-01
2.884217752259465861e-02
9.282538824264352506e-02
-2.605745132217023308e-01
-7.593628012303585972e-01
-2.173304234949211544e-01
1.615114701664508434e-01
-1.164522794170332887e-01
5.354983628165199683e-01
-7.532936062507471497e-01
6.622891451198922308e-01
2.331131776311801129e-01
-3.414467287007996177e-01
-5.638217372936353833e-01
-2.721141491335725693e-01
3.787597586805573346e-01
-8.526199243488807866e-02
8.910162862501815884e-01
7.639356468191955685e-01
-7.128600401497460215e-01
9.566823300288751497e-02
-8.865079675052134345e-01
4.575265831523678273e-02
-2.897886205633879442e-01
1.000000000000000000e+00
-2.098595377762313419e-01
-2.785882124685719052e-01
9.855280795236480706e-01
9.601576124855848438e-01
1.139964937881581264e-01
-8.068665558249821235e-01
9.496459033554065510e-01
-9.188487228874562263e-01
8.138598832068852929e-01
-3.547992825381491855e-01
-2.352252622919770442e-01
-3.705068463685117219e-01
-5.943316344171349908e-01
5.077785180226241923e-01
-6.725781288141405856e-01
-8.736873062509071808e-01
3.875449214283459565e-01
6.783826086517044107e-01
4.323003070421453931e-01
9.352255322788913805e-01
6.199043738962450867e-01
4.106666040136137674e-01
2.385399895108175627e-01
6.931847663614658650e-01
-5.949107957371524424e-01
5.204435413691477219e-01
6.343311036019636528e-01
-7.187797806028668468e-01
1.029150351428558263e-01
-7.493047866397783974e-01
3.168164950051648443e-01
5.326590841883331873e-01
-2.676022533415307603e-01
-3.877888550018275815e-01
-5.260771486434652200e-01
-8.532714748421812434e-01
6.410142634060278510e-01
9.050678121548076938e-01
6.279260951844822802e-01
6.989235590474087711e-01
-8.316070959113084360e-01
-2.284349907374956246e-01
-8.134823653068345983e-01
-6.804601603640287877e-01
-9.514198226429393390e-01
7.367584932604860359e-01
-1.877690201662089997e-01
4.120734251117585956e-01
6.777940439984286858e-01
-2.537502418437205254e-01
-5.632028976331218129e-01
2.338261638361589512e-01
-4.640461960060626723e-03
-9.435074452590244132e-01
-5.380268809130046570e-01
-7.385320624288040925e-01
-4.123513387391097851e-01
-8.329781519953549651e-01
-4.570275865114712399e-01
9.040802295763270546e-01
8.608555841225358218e-01
6.796567158123019148e-01
-2.524825762612681324e-01
3.425112323474654996e-01
4.956516466148863653e-01
-8.058775179529484856e-01
8.090094313527447234e-01
4.097746279743332831e-01
6.916651997706393384e-01
-7.398086990800822882e-01
-5.890363797801492218e-01
-4.769880394179437655e-01
1.353887151879404893e-01
9.577716602147701153e-02
3.371997233173475994e-01
-8.309832664495242494e-01
-8.433377083034006017e-01
4.359544660848417852e-01
7.521005988517242002e-01
-9.055132516240540497e-01
8.431978232764683057e-01
3.196907856757273958e-01
9.223726017322055881e-01
5.181044104905414560e-01
-7.214028930410627538e-01
8.160861775996042233e-02
6.209348851406237824e-01
7.884859628427534073e-01
-7.121554315352567333e-01
-1.863161467269036642e-02
1.294847459592800842e-01
1.899826082520419401e-01
-8.151717513792788861e-01
6.512962779712783146e-02
-3.136798952786474803e-01
-9.005467339108663705e-01
4.227761149805999707e-01
-1.667198945979904146e-01
6.380963255734783957e-02
