-1.000000000000000000e+00
-7.925090621424613069e-01
3.885239200999441866e-01
3.107190956338015120e-01
-3.188200618078949056e-01
8.075125827497325881e-02
-6.669790903349661626e-01
-7.369122238458754026e-01
-7.454222103104710673e-01
4.505869833344715580e-01
3.678180374107582473e-01
-1.126552906970995638e-01
-5.493175911865422201e-01
3.490159763411817551e-01
5.264909015378682611e-03
-6.120162783804026230e-01
1.000000000000000000e+00
-3.967058847172969527e-01
5.086992128321121687e-01
-1.706454919431503736e-01
2.617606840999120443e-01
5.468540714018268467e-01
-7.549679629968295558e-01
-7.313845070414790595e-01
7.487499646388651175e-01
6.197743125882715365e-01
-2.805351550837730246e-01
3.247371217672645471e-02
6.758454171454717496e-01
1.285511802150678395e-01
-3.479819661239855755e-01
4.169825670349833757e-01
1.487633147049707283e-01
9.402994696300257527e-01
-3.249101995100689422e-01
2.471713328382000863e-01
5.756626708069101372e-01
6.532262814383098526e-01
-4.333494992829105552e-01
-4.354993849465469968e-01
-9.683289140849832277e-02
-2.116145499453501166e-01
-1.000000000000000000e+00
1.000000000000000000e+00
-2.962898268549423175e-01
5.829273018968562647e-01
-1.525417707396434785e-01
-1.382077397742802471e-01
9.062333312706623012e-01
-8.031534359507201959e-01
-4.957591984526560358e-01
-6.021740213206621117e-01
-7.533723252126329761e-01
-5.214518480085656993e-01
-7.710311400610738719e-01
3.879370109742582562e-01
1.000000000000000000e+00
2.562674371687161390e-01
9.581706693334064440e-01
7.869384786384088226e-01
1.235253073754163378e-01
-6.071245749919750301e-01
7.005849453128241144e-01
-6.208825465668295074e-01
-2.749234122461348129e-01
7.435277848670236445e-01
-5.060453662780423079e-01
1.894833579143191393e-01
9.773712728029089192e-01
-1.030385142763234896e-01
-5.165505322446893866e-01
-7.658648868036939117e-01
-2.551925582018266248e-01
1.169888094274920132e-01
-2.616285779317317761e-02
-7.815613391173739100e-01
8.013392270854211574e-01
-6.933401655724602541e-01
3.141073286959845667e-01
6.841374650656655287e-01
1.163068666441231525e-01
-7.549299725692786289e-01
-6.632245314190089447e-01
-2.815573536200138838e-01
-9.871700028741161592e-01
-6.607871837966328155e-01
2.690859337254178918e-01
-1.222723380575396757e-01
7.136966936124826688e-01
1.000000000000000000e+00
-3.307650167786166939e-01
-5.557163468206226531e-01
-2.716639356671582406e-01
8.215307689079125453e-01
9.469197170542662523e-01
9.450376163688007924e-01
-4.433333047431009533e-01
9.980161986748097291e-01
-3.830603699812411556e-01
-5.877518791987129676e-01
-7.893591886917405986e-03
-7.139712278467291728e-01
3.298695146818120261e-01
9.568722325687918362e-01
1.834148415470491233e-01
5.667932465183336266e-01
-2.715280241476552003e-01
9.422010537573612954e-01
-8.870230979645492564e-01
3.721947365810993613e-01
-1.000000000000000000e+00
1.633819974073635883e-01
-8.281741086818099618e-01
1.042163858143221877e-02
8.937113113774242112e-01
-3.677368974991224171e-02
-7.468657557412270442e-01
-4.802413426647902384e-01
7.989283168991245798e-01
-6.094412484369038374e-01
5.202411209823440963e-01
-9.286656611032622077e-01
-1.456595691902615730e-01
-3.100997216666421252e-01
-9.439789816232715403e-01
2.218485169350081776e-03
3.123347418727786540e-01
-5.115536669938993697e-01
-2.840807165616110463e-02
-8.674153046802013378e-01
1.260131441569887212e-01
-1.259741526942201317e-01
-6.692306101499351234e-01
-7.583958427851626993e-01
-1.000000000000000000e+00
-7.267537878454175537e-01
4.995546103598524912e-01
8.044598703835892373e-01
-5.909972956169333713e-01
-2.181123154915172169e-01
5.155622565155641990e-01
-6.801011812060586692e-02
-1.318322059439909211e-01
6.382973688111240884e-01
-2.675906842536766028e-01
7.930787837685864261e-01
2.413015894162449104e-01
-1.000000000000000000e+00
1.602686869294303040e-01
-2.461916847001031083e-01
2.564658351725879193e-02
8.227809875421492336e-01
9.070206544709180640e-02
5.707830423907696016e-01
8.193031886922101936e-01
-8.675429834736090307e-01
7.090813305854795079e-01
-1.000000000000000000e+00
-8.773880517483595431e-01
3.910692993320157296e-01
8.759176271102540046e-01
6.798963143643538265e-01
5.925962404789886229e-02
-5.184528495652751534e-01
7.182707070810994132e-01
1.571655587727266434e-02
-8.648644261131058775e-01
1.000000000000000000e+00
-2.422837263650673423e-01
-4.042384874587804933e-01
-1.000000000000000000e+00
-3.946714374454427521e-01
-6.484737776913074292e-02
-7.665358556617123398e-01
-1.225123816050162073e-01
4.577063841822548440e-03
-9.814291878655565515e-01
-7.867694756437602077e-01
6.644820473925274751e-01
5.130111792429016271e-01
-6.824897304890604754e-01
5.139716074893984077e-01
3.208212956035410013e-01
9.784363903070696367e-01
5.302147992831294232e-01
-1.000000000000000000e+00
7.973046962290373241e-01
-6.113566261786651523e-02
-5.078208464208699979e-01
-2.270926522174844808e-01
3.607234891967627810e-01
-4.386526719490049242e-01
4.002031666975969237e-02
-2.285360401347702464e-02
8.905866158675631583e-01
-1.345302541838304666e-01
6.742655882644046361e-01
2.913975068185941097e-01
8.679693249812747702e-01
5.047174393838156359e-01
4.157878371659301520e-01
-1.000000000000000000e+00
-3.655191088744458305e-01
6.838585517390289858e-01
1.746888883995618702e-01
-9.751408950415976218e-01
5.395186029661867000e-01
7.556466520759279604e-01
6.272367800628700918e-01
-9.275661687030278824e-01
-4.317538617249017108e-01
-2.335603596890951650e-01
6.497314436839669582e-01
4.007636397160972419e-01
9.837059134564087870e-01
-9.387976452872146549e-01
2.146888052228628219e-01
9.651358929178590618e-01
3.662475615831915776e-02
-8.830791472304024836e-01
2.033965433829931779e-01
-2.000173192093721575e-01
-1.580980387326085257e-01
-6.625278821960151054e-01
5.403549653830714838e-01
5.476068072230988459e-01
-4.947684910832110816e-01
-2.056037959076875143e-01
-5.735671976931160376e-01
1.311040842753015134e-01
-4.429564030544569930e-01
2.604223285929607723e-01
3.489108679403136737e-01
-3.978184121377376092e-02
-4.018481558191882019e-01
9.178111954208825196e-01
3.212951195964925954e-01
-5.620356508678003848e-01
1.000000000000000000e+00
9.182522450563761485e-01
-4.250310258157694587e-01
-7.174506030599803186e-02
4.179207983156372208e-01
-1.118813077097098319e-01
2.833195782610897773e-02
-6.005129932950334926e-01
4.006309246033362137e-01
-8.425882713801089441e-01
-6.420635039114135356e-01
6.711926340554558168e-01
5.784386284943885403e-01
-7.168825621914893809e-01
3.769819452746921984e-01
8.237063188177287110e-01
-2.668906166631422883e-01
-4.569609363849163053e-01
-4.643505636479290377e-01
1.269391152906310105e-01
7.517277439903446989e-02
-4.003887547764974908e-01
-1.000000000000000000e+00
9.442202549897094066e-02
-1.000000000000000000e+00
-7.505676996476137175e-01
2.684864519260082294e-01
