-4.472935281169556632e-01
2.662572800933008521e-01
-8.686540731164191786e-01
1.000000000000000000e+00
-1.156135793069983375e-01
2.531792221132056486e-01
1.000000000000000000e+00
8.875496881740947419e-01
-3.289555473560246135e-03
-2.178307370256928888e-01
8.586613186527897179e-01
-1.000000000000000000e+00
2.929192245048559129e-02
-7.765465643615345748e-01
1.787783267601110726e-01
-4.109788801614671083e-01
4.941049656835897474e-01
-1.000000000000000000e+00
-6.456934213596177141e-01
-8.685643760687822290e-01
-4.642073402004098792e-01
1.000000000000000000e+00
4.329523724875978807e-01
-6.093235849326384956e-01
-2.844295049143335530e-01
-8.130899507878048826e-01
7.926275193194733948e-01
-3.621900471639198926e-01
-5.993166883571271475e-02
-1.000000000000000000e+00
9.419810499783020097e-01
7.778483505942790366e-02
-5.949154222047492446e-02
2.673036785948081917e-01
6.307186025648403582e-01
-9.546246253025675310e-01
-8.452600714769651358e-01
-1.000000000000000000e+00
7.343363744933292803e-02
-3.644975972141366038e-01
-7.680358635389410438e-01
4.868460996764433779e-01
2.719735523644042918e-02
5.101120665132502507e-01
-6.382070545146913965e-01
-7.522501472480325191e-02
-1.000000000000000000e+00
-1.000000000000000000e+00
-2.293824655169749982e-01
7.141264531629336609e-01
-8.311589319839517431e-01
-7.572038082628504974e-01
-2.454252544957106486e-01
-1.411956767276156821e-02
-6.567992574085292912e-01
-8.366168572811703008e-01
9.648176282574840723e-01
3.102299789327236379e-01
-7.045279409334948006e-01
5.483056272887893989e-01
-4.373170787214697430e-01
-5.602102073116643766e-01
-5.541332618218542949e-01
-1.000000000000000000e+00
2.712666493100817089e-01
-1.810897527329835555e-02
-1.000000000000000000e+00
-1.000000000000000000e+00
9.821535722242713540e-02
6.604220560956532982e-01
-2.710237773444658105e-01
3.064245267221854530e-01
-9.263548014664625407e-01
2.233525362991153340e-01
-4.154548575063090610e-01
-1.000000000000000000e+00
5.993623133888228427e-01
1.000000000000000000e+00
3.487832347872006356e-01
-9.461512198398192020e-01
-1.517807173134080312e-01
-3.384119745497011778e-01
-1.000000000000000000e+00
-7.916219156809961577e-01
1.000000000000000000e+00
-7.269034817026820416e-01
6.372534681521175859e-01
-3.518893455017719774e-01
9.642680963894828539e-01
2.974677639254381598e-02
-4.655018026434118994e-01
-7.611350342323918161e-01
-7.550778816673092697e-01
7.189363913616737545e-01
7.405761597422411135e-02
-4.700360341655603902e-01
3.011530408087095267e-01
-4.623804991162174804e-01
-5.545731932217627946e-01
5.134993381076713437e-02
3.856119308727883888e-01
-8.932654595404887488e-01
7.205594207256498240e-01
4.114272527694322612e-01
-5.865993892709293611e-01
-6.948304138170249278e-01
1.176489566798513131e-01
4.842357916861642630e-01
7.986436477050627980e-01
-2.990799715572743933e-01
1.000000000000000000e+00
-1.685377947370345075e-01
-1.445816425856536191e-01
-2.366625256887864293e-01
-7.465363297131890619e-01
-1.000000000000000000e+00
-5.721966604891985941e-01
-8.003496800339899853e-01
3.664743702947134141e-01
-1.000000000000000000e+00
1.000000000000000000e+00
-5.697133575375672443e-01
2.232720526176663611e-01
4.175913184510386400e-01
1.000000000000000000e+00
-1.071853909469723254e-01
-1.000000000000000000e+00
7.421545729316831874e-01
9.291312278259766799e-02
1.671754616317626674e-01
-3.266002542049857293e-01
1.000000000000000000e+00
2.246600958640007084e-01
-1.000000000000000000e+00
-1.000000000000000000e+00
-4.118561461289993453e-02
-4.406747015890596919e-01
6.061364988678936694e-01
5.353994766055483190e-01
1.598623357551367530e-01
-1.357939572267840012e-01
6.861426164578965370e-03
-6.512906291290421201e-02
-5.296661816631265118e-01
-5.553757818148743475e-01
-1.000000000000000000e+00
6.371450678457704075e-01
3.352215721730678055e-02
-5.403369788478173952e-01
-3.461328618136775281e-01
1.961542222884842257e-01
5.865167130252489924e-01
8.394024004378490833e-01
2.896597975881042841e-01
6.014389398963018163e-01
6.836260891934626827e-01
3.615973647297394677e-01
9.122410313079809541e-03
-3.505703631133929576e-01
-3.380596791632974885e-01
4.979703727263773416e-01
5.014071435323768089e-01
3.423204295328001745e-01
9.701784591616162690e-01
-8.457141438890118934e-01
1.000000000000000000e+00
1.000000000000000000e+00
-3.305951618995147667e-01
-3.069543714537784074e-01
-9.323940225935439807e-02
4.334642569526019340e-01
1.000000000000000000e+00
-1.000000000000000000e+00
-1.000000000000000000e+00
1.870207742459281119e-01
8.122298710524027410e-01
6.879720875530901392e-01
-2.569658983115497008e-01
-1.000000000000000000e+00
-7.368479705802649660e-01
8.528284742024354603e-01
1.818983200296302449e-01
9.649894069531377294e-01
2.107045557545696446e-01
2.078094107104795363e-01
1.000000000000000000e+00
-6.165995821058345427e-01
-1.000000000000000000e+00
1.000000000000000000e+00
-9.166066449128473792e-01
5.877291091134253520e-01
-1.000000000000000000e+00
-7.615925249019119825e-01
9.157489942709653441e-01
-4.905594273817055484e-01
-9.589740307100340644e-01
-2.462729101873807336e-01
8.007966176411795978e-02
-8.295868132815685803e-01
-1.030911858056513530e-01
-7.209140213502198691e-01
-1.000000000000000000e+00
-1.910581696312476652e-01
-2.549198240119854297e-01
-1.000000000000000000e+00
-6.703530119037570678e-01
9.385286447002412213e-01
-5.130234376828111120e-01
1.453148876756417684e-01
9.790479547239505642e-01
-1.000000000000000000e+00
-9.387376184896474296e-01
1.000000000000000000e+00
-3.655141752430479674e-03
-9.995284785148406126e-02
-5.271261003900440389e-02
-3.211467164903838989e-01
-7.901605081051584767e-01
-5.118161934345735187e-01
1.000000000000000000e+00
-1.000000000000000000e+00
5.410185752103431334e-01
-4.257945182571919451e-01
9.616131102198560709e-02
4.489467283857853097e-01
-2.798043912715098003e-04
-2.800634298045843185e-01
2.744913828883926987e-01
1.000000000000000000e+00
-1.000000000000000000e+00
-1.134837995045586689e-01
4.189049237956293803e-01
9.755009354057871951e-01
4.657481582645801588e-01
4.993400045551261712e-01
-7.380234124865534540e-01
-2.062844834551090245e-01
1.000000000000000000e+00
3.804547246820863537e-01
-6.498278609448048249e-01
1.000000000000000000e+00
5.958945570425397964e-01
-6.429148545634477685e-03
-3.703665802032759524e-01
6.785956602755844891e-01
-8.022761603709589462e-01
9.418991146177977392e-01
-7.731231797346177492e-02
-6.194417873043014944e-02
-1.146632231786540723e-01
9.624402389012957082e-01
2.643502324263418135e-01
-3.578466880925686155e-02
8.518648853287266176e-01
-5.825678903135188547e-01
-5.845200230244151918e-01
-8.705700548320609578e-01
-5.920085720141261554e-01
5.046477348160847143e-01
-8.322429863860651977e-01
-4.684075650371504196e-01
-3.651714996129902246e-01
5.328859862555724858e-01
6.512561655209954115e-01
-2.812522665149683743e-01
