-1.326166144732290331e-01
-3.873388144537177613e-01
9.988478028491261096e-01
-6.261229295428134556e-01
8.998641195187271347e-01
1.000000000000000000e+00
-9.784902984657251057e-01
-5.520597163546170361e-01
1.625999362236301982e-01
-3.489167085591127204e-01
9.906000687260825277e-01
4.367938329697047817e-02
5.994516709731609883e-01
-7.864441725621207357e-01
1.298720501387583548e-01
8.226794539981168164e-01
3.449849835605140608e-02
8.893126236731148104e-01
-1.000000000000000000e+00
1.000000000000000000e+00
-2.831961370409753487e-01
1.000000000000000000e+00
-2.267337231732180491e-01
2.666189811207595461e-01
-2.457715976557746096e-01
3.284029786433386722e-01
2.771040209858088854e-01
9.353173633166678158e-01
7.074920405993370132e-01
7.560359426350971024e-01
1.000000000000000000e+00
-4.382079048692915091e-01
3.925270089924051131e-01
-1.000000000000000000e+00
1.064039522981776731e-01
-4.898833859599116547e-01
6.401621640344925535e-01
4.929878316565001750e-01
6.489602086403616354e-01
-6.147490861155451292e-01
7.798154382186566203e-01
8.196988399766034217e-01
2.646448078685970096e-01
2.930109874196676900e-01
4.846161016756933559e-01
2.254597839716376839e-03
-4.257650047676531102e-04
2.693473737104268295e-01
-6.152002300195344997e-01
-6.312371662791047555e-01
-4.669169939829664884e-02
-1.706960656563429879e-01
-9.097597939761503660e-02
4.232957414185434253e-01
-8.142789246183848029e-01
-3.793576009115118275e-02
9.764862479630702641e-01
-3.765797880090682170e-03
-6.410647704620153764e-01
1.000000000000000000e+00
-2.222474821399145206e-01
-5.961860597053316724e-01
9.501054258526948626e-01
-2.948321419741883886e-01
-3.498415426608525447e-01
9.652843791436875875e-01
6.658295436911265686e-01
-7.191930146109162258e-01
-3.771794544262498938e-01
2.003101212112692320e-01
-1.000000000000000000e+00
1.014556143955647194e-02
-5.273239227707371413e-02
8.413692543073785224e-01
-8.052126785842119716e-01
-1.757870424209879295e-02
9.517424298708994090e-01
-6.058014624819008098e-01
1.653996160209199040e-01
6.065522408084069728e-01
8.897091656275601945e-01
6.374094836326997804e-01
-3.762234738554972591e-01
-7.377884567596932897e-01
5.822811258869420303e-01
4.777703389721537075e-01
-7.922520756809547926e-01
7.080131933188573701e-01
6.590814330245267083e-01
-5.368319251690236715e-01
-9.091993205102435471e-01
-3.118262874277395458e-01
7.022455387955199857e-01
-1.333069247965931736e-01
2.813838610999367940e-01
5.413300003303198604e-01
-4.747764114829062798e-01
7.868876460739149259e-02
-9.808134533684266243e-01
-7.756776300807215474e-01
-1.959691791481064094e-01
-4.366517635422035859e-01
-8.323424966543293557e-01
-7.007576575119631723e-01
-3.034782198319540547e-01
5.634461284450118512e-01
-5.110811025857144863e-01
3.071375601722073911e-01
2.667071300681376211e-01
-7.456233565482348613e-01
2.432147726740834237e-01
-7.469551947277430770e-01
4.099637690557616510e-01
-6.029967370054127862e-01
-1.634681703004150499e-01
2.422067428534533384e-01
-4.823152675406530143e-01
1.063908192291718180e-01
9.726341385697145903e-02
1.670545701155434770e-01
1.000000000000000000e+00
-6.010651194960496824e-01
-4.054885380576977449e-01
7.707847036293236087e-03
-6.119116932274402121e-01
5.649126240459573234e-02
-7.528812870368817300e-01
-3.899947168564159572e-01
-8.940591205737538072e-01
2.466619591882022178e-01
-4.120646073307077106e-01
-8.836412428901363469e-01
-8.865226378219404069e-03
-7.193068361045025227e-01
3.223328656026447359e-01
8.031143411298362622e-01
8.823324727387185096e-01
-7.621002680039481447e-01
2.347035235337646131e-01
-8.033411851090930256e-01
1.312566660212561853e-01
-2.476381677724437402e-01
-2.654268988378556404e-01
-2.748439357748442280e-01
3.548934604484905719e-01
-8.786611814801021936e-01
9.593567732832233297e-01
7.632745868947961032e-01
-6.854542757172232825e-03
-6.687874986557125201e-01
-2.801087073440045039e-02
9.850058109454378208e-01
-2.648555397161909131e-01
9.474677930893222744e-01
-3.253502088641653245e-01
-6.593203985219135976e-01
-7.987444389047092530e-01
1.464884645948334452e-01
-2.066868602398832522e-01
-1.744445544005319704e-01
9.357945411229080523e-01
-9.510825423148738800e-01
2.870424335464358823e-01
7.177302116701271828e-01
3.200082389019385243e-01
2.407074286365418203e-01
-2.456219597094091434e-01
-8.757387847660846880e-02
6.750892409598751032e-01
-1.000000000000000000e+00
4.251550615314869663e-01
3.220174153354806723e-01
4.073778598472365120e-01
2.898415194690784347e-02
8.919001318881416562e-01
9.713992833074627242e-01
1.372243612892039000e-01
-6.969883038393149821e-01
-3.268671355221379748e-01
-6.458984413479954556e-01
-8.020569070183809490e-01
-6.938480986374431225e-01
6.099532895322252735e-01
-2.398746849790585056e-01
2.179798177728820008e-01
-9.807496466055481976e-01
6.849469963882046653e-01
6.183534037346349876e-01
-3.750078289989906555e-01
-1.728410301419869288e-01
6.186166481340271694e-02
2.397181374675882992e-01
-1.890164261028913772e-01
9.354167753952513653e-01
5.792834643232553926e-01
7.808810466418742990e-01
-5.135197889916520708e-02
-1.000000000000000000e+00
5.695665927714708143e-01
2.214126339382882502e-02
5.733961154427232865e-01
-8.833796384979784033e-01
-7.330189336950760914e-01
-4.800645852044667650e-01
-2.354983995726327439e-01
-1.500720621649195285e-01
3.431606537176623561e-02
6.963663231808542298e-01
9.030498512501727859e-02
6.703234652534599824e-01
-1.506582537456057080e-01
-5.366621068710299980e-01
6.373888006459944577e-01
-1.802314217657952078e-02
2.595719295940313587e-01
-2.271601030756680295e-01
9.000644184617812016e-02
1.135074853498958536e-01
6.352236099843058259e-01
-7.413214150524458645e-01
-7.316750723463949502e-01
-7.226295523277628252e-01
-6.557265485056258392e-01
-2.125757650489275008e-01
5.053425101258511853e-01
1.309052137840756025e-01
8.099823738142672980e-01
1.000000000000000000e+00
1.560399380376265022e-02
4.682312460098598805e-01
-8.911096541132159654e-01
2.591612386590413930e-01
1.486301877679720995e-01
-4.540883242443733980e-01
-7.503506928066996373e-01
3.705597724032265727e-01
-3.398161117200405590e-01
5.386124908644365217e-01
4.807357545308785784e-01
-7.233737002850140207e-01
-1.599533812169700031e-01
6.759934605163141486e-01
9.894434509147318479e-01
-1.450233168481811497e-01
9.317154594819079261e-01
4.641620448237502305e-01
-9.956092620939926974e-02
-1.000000000000000000e+00
4.142267129774928058e-01
2.663096485095299837e-01
-1.000000000000000000e+00
-4.081712171267242173e-01
8.023224151203500742e-01
7.496421788673310882e-01
6.360328162715107592e-01
-3.124165082472484256e-01
-7.299977663171941522e-01
-3.244549113015706698e-01
2.441236024234385571e-01
4.615522007789663039e-01
-7.323204177446011043e-01
-2.387914321719994959e-01
3.925257582922164201e-01
-8.289700699250552862e-01
-1.246542030747690433e-01
