7.560860084909619694e-01
-7.837052364723554598e-01
-7.635199644212153913e-02
1.000000000000000000e+00
-6.224913574624896251e-02
1.000000000000000000e+00
-5.447363915630394349e-01
6.545068202419934700e-01
1.000000000000000000e+00
-9.883132831231027371e-01
-1.051267490230411994e-01
-3.564060810342383201e-01
-1.000000000000000000e+00
-1.512376317470357778e-01
4.105478966988643785e-01
-1.000000000000000000e+00
6.468947998231968644e-01
-5.823604354217744306e-02
9.869248877443894674e-01
4.675502901080768048e-01
2.932872881300099266e-01
7.625573206702122020e-01
1.990031520662906839e-01
-1.000000000000000000e+00
6.102471589767350935e-01
-1.171038845754184266e-01
1.851916916230794130e-01
-5.923406748817570122e-01
-4.409167181888551390e-02
1.000000000000000000e+00
8.686314886108044142e-01
5.126647252867667648e-01
7.236056543992869239e-02
-1.000000000000000000e+00
7.907850652089862820e-01
-6.938728082131045971e-01
1.000000000000000000e+00
-2.354973485141553247e-01
-4.515122550990526840e-01
-4.394057885944722130e-01
4.641226790225833065e-01
1.889929349013465543e-01
-1.000000000000000000e+00
6.901908232599426873e-02
-3.548897241005244951e-01
6.252339927092249727e-01
7.693791544444190666e-01
5.861385128844516235e-01
5.933404895106275667e-02
1.000000000000000000e+00
4.319226201121936226e-01
3.303728730534483127e-01
-5.653859728328611833e-01
5.381929946343388949e-01
-7.871988312778016583e-02
-2.051836369136811888e-01
-4.084535371934512327e-01
-4.512329173292821127e-01
-4.548444573337091512e-01
-6.367704398312520886e-02
-1.000000000000000000e+00
1.207733842121976320e-01
4.733542029054477740e-01
5.824038454355844330e-01
-4.670309910178446211e-01
-1.173132427245204834e-02
1.000000000000000000e+00
6.186901158736257678e-02
-1.526206786476965171e-01
1.000000000000000000e+00
8.307354755270035529e-01
-2.804384612735318361e-01
2.923956374865419594e-01
7.162432786144650176e-01
-4.133364852268905931e-01
6.186249256155416099e-01
-6.665477272927056163e-01
8.598589283460182919e-01
-5.776413647104483573e-01
1.827632529692552188e-01
-1.000000000000000000e+00
7.731426112500314751e-01
-7.814722575123159709e-01
6.889183795635815954e-01
-5.376382344960034532e-01
9.870723415466353678e-01
-2.127783767284938676e-01
-4.100688047046840423e-01
-5.166411112119456694e-01
1.000000000000000000e+00
-3.193593999619911972e-01
8.568143487385497803e-01
-7.334532935959643396e-01
-2.148764509806180834e-01
-9.657275612019066147e-01
8.209487837629028117e-01
3.658453969959087893e-01
1.579187180226098164e-01
-4.205790433688117447e-01
-5.494900529158064373e-02
1.379166347554666716e-01
-5.181412618375110801e-01
5.475712976905438012e-01
-1.000000000000000000e+00
1.169340721593896126e-01
3.812760859952072923e-01
3.129445412536103199e-01
-6.390209264417754387e-01
-8.239301573460504624e-01
-9.556621727162600832e-01
-1.000000000000000000e+00
-5.104964347334066677e-01
-7.446425550020419060e-01
6.606049368639862474e-01
-1.000000000000000000e+00
-2.284089702280300838e-01
-6.994233137041072634e-01
1.000000000000000000e+00
-6.334225793677709104e-01
9.141291635967906393e-01
-5.956227255289872069e-01
1.000000000000000000e+00
-6.104487265125325690e-01
-1.000000000000000000e+00
-7.822425124123069118e-01
9.206086005858675758e-01
1.668355787260225320e-01
-7.478110213652298111e-01
-8.815445168149077526e-01
1.998637725107632601e-01
1.603297778345624258e-01
1.000000000000000000e+00
-7.883397116197972121e-01
8.004998194368686537e-01
2.685084429472541778e-01
7.779485487243048558e-01
5.911351433513400977e-01
-7.392766149892491256e-01
3.464677270240008600e-01
-1.132629029287413047e-02
-1.000000000000000000e+00
1.000000000000000000e+00
3.232111271103738637e-01
-2.158702153009361413e-01
1.000000000000000000e+00
8.915635015109781847e-01
-2.011103061032788464e-01
3.775639586584119134e-01
4.506533345201271246e-01
-7.523374966217367676e-01
-5.295310416651612950e-01
5.016358586919315021e-01
9.735794016313381594e-02
-3.909639812615692822e-01
1.000000000000000000e+00
4.107720488509844503e-01
1.000000000000000000e+00
-2.427167078480731988e-01
-3.890642404953093547e-01
3.764516401646054722e-01
-5.608774497205445408e-01
-8.262623389983574373e-01
-3.740930788675480567e-01
-4.690353518668161081e-01
-2.915653077670899984e-01
-6.091454894487966509e-01
1.000000000000000000e+00
6.196046224742258746e-01
-6.397909979840963324e-01
-8.689356267764791752e-04
3.594570002595587344e-01
3.026441443357069661e-01
-3.658746808509449888e-01
-6.696965802984761185e-02
4.879071311711603576e-01
-3.124098081699040463e-01
6.015023030935022774e-01
-6.118945190107085708e-01
-1.217681875283476156e-01
-5.319598827142408837e-01
-3.572091797685335024e-01
5.024852268546861067e-01
2.407748233217610334e-02
-8.042777657190569585e-01
1.000000000000000000e+00
9.546276205664966374e-01
7.672742297030564762e-01
9.681916937720456140e-01
7.890789757141094540e-01
5.127522123937777732e-01
5.220488970793963901e-01
1.000000000000000000e+00
-4.516670019181898144e-01
1.300995367612010067e-01
-9.783986277571810053e-02
-8.262542045457473838e-01
8.247924476940754479e-01
7.044427351691467942e-02
1.313599497208975952e-01
-1.000000000000000000e+00
2.137256812589183319e-02
-5.769992958689771356e-01
1.000000000000000000e+00
-1.000000000000000000e+00
6.188906759241075139e-01
1.613231754531837536e-01
1.000000000000000000e+00
-1.000000000000000000e+00
-1.000000000000000000e+00
2.668278315468282091e-01
-8.430965421065298449e-01
-8.363684346551401028e-01
6.348749804331477176e-01
7.067352480923752012e-01
1.096292183788143415e-01
-3.962117052633774561e-01
-1.968198415650137534e-01
9.010120100156628897e-01
4.686773284251357641e-01
-3.269915695611848028e-01
-8.643037395379018495e-01
-7.384258652130750722e-01
7.933772979178979057e-01
-5.342189925705772557e-01
9.245080558790195191e-01
3.800057642725320206e-01
-5.556310856717491253e-01
-1.000000000000000000e+00
-6.371845324697520407e-01
9.224358533739684951e-01
-1.000000000000000000e+00
-1.000000000000000000e+00
1.000000000000000000e+00
5.017426935519848641e-01
4.702279943824241304e-01
-1.275270975325880629e-01
4.500648733954859537e-01
9.665011737619608745e-01
-6.531138140771803879e-01
1.000000000000000000e+00
-2.066801046457170110e-01
6.674439966207419417e-01
1.132150451670654867e-01
9.631468678681476270e-02
2.292767606100389599e-01
4.350405828173453671e-01
9.102974113761679309e-01
3.828599719533067880e-01
1.000000000000000000e+00
-6.935708234313272547e-01
4.460039947314302644e-01
-5.748440519882236366e-02
-4.283287853962127745e-01
-2.571288405846488545e-01
-4.062311738469950306e-01
-1.616639731755885878e-01
-8.321543965446581703e-01
-8.306744009734101652e-02
4.319664959986940778e-01
-7.203091155793089895e-02
1.804208517171551618e-02
-3.311243566253585513e-02
3.945424032842701489e-01
1.000000000000000000e+00
5.750668156319893587e-01
